22218.2812
23894
21795.1738
21722.5391
20771.2949
20241.4102
19548.3457
18993.6797
18322.1348
17945.6406
17248.2188
16762.5957
16266.917
15718.9873
15307.1982
14773.1221
14362.6348
13930.0068
13463.7949
13085.1729
12696.8848
12322.7246
11927.8906
11617.5576
11271.5703
10877.2949
10612.8271
10265.9619
9935.4619
9668.5771
9360.3779
9101.9619
8823.1348
8534.2119
8334.0518
8032.7949
7829.5127
7579.519
7363.231
7172.686
6918.0063
6769.2822
6523.0962
6332.75
6139.0063
5952.3716
5809.3076
5612.7051
5485.4873
5300.2114
