21467.3535
23054.1602
20910.3711
20488.9043
19497.7441
18902.1035
17953.2812
17486.2949
16600.5
16132.4355
15373.9805
14962.1025
14292.5381
13734.0957
13331.1406
12659.5898
12319.167
11724.6279
11358.2695
10970.6279
10428.9932
10129.9551
9763.3975
9320.2432
9072.0127
8643.8203
8366.7119
8022.7241
7690.6538
7495.9614
7126.1152
6913.0703
6612.2759
6384.6411
6126.6602
5946.1797
5729.1729
5498.4551
5297.6089
5097.6025
4907.75
4713.8335
4518.7886
4388.1987
4226.6411
4043.282
3945.782
3759.9294
3653.4614
3487.0063
