24014.7109
23246.7363
23335.9746
23175.4941
23189.3203
23057.2812
23119.0312
23149.0449
23109.1543
23055.4297
23034.9551
23080.3203
23014.4688
23116.7754
22937.7891
22980.2305
22952.5391
22871.8203
22874.7363
22940.2891
22915.334
22970.4102
22738.084
22817.6465
22799.1348
22730.2637
22697.75
22683.7949
22596.8535
22587.3789
22678.3457
22667.1406
22460.4688
22455.2949
22541.1348
22327.4492
22279.9863
22161.2637
22208.5449
22041.2188
21719.8594
21584.2305
21125.1289
20631.9297
20043.8086
19010.5195
17999.1855
16348.7754
14114.4297
11388.6279
8196.75
5038.8975
2963.2756
3072.9102
4776.0835
7204.7051
9865.8271
12023.4482
13628.4932
15051.6602
15937.4678
16684.3789
17058.0254
17312.0137
17293.3594
17180.7891
16748.0137
16272.2432
15583.3721
14806.25
14129.0898
14152.4297
14741.6475
15825.083
17207.2949
18369.4414
19460.0703
20196.1152
20727.2441
21243.2559
21655.7441
22024.4688
22198.8008
22310.0898
22454.2949
22411.3711
22480.2363
22398.9355
22544.8457
22524.1992
22591.3203
22711.5762
22611.0195
22749.4805
22611.5449
22780.6914
22741.0449
22705.8789
22795.7363
22741.1348
22678.1855
22792.9414
22862.7637
22843.9805
22843.6035
