24279.9297
23012.9102
22970.8262
22841.3008
22678.1543
22853.1992
22828.7637
22909.084
22849.8535
22910.0586
22811.6035
22788.6855
22803.2559
22762.3711
22743.1602
22658.3906
22510.2188
22593.2051
22547.8203
22674.166
22525.2812
22551.6152
22502.8906
22392.3906
22343.6602
22187.2305
22149.1211
21946.4238
21896.7891
21531.2891
21292.5254
20906.5762
20608.084
19926.3535
19079.6543
18171.7559
17021.1035
15366.8594
13056.5127
10370.9424
7438.6216
4500.5386
2321.0063
1513.1731
1854.0897
3557.9231
5443.2949
7435
9244.167
10815.8721
12079.7051
12887.3652
13570.6855
13969.0322
14288.8652
14060.5068
13686.917
13037.6797
12210.6855
11089.5703
10094.9678
8876.3975
8794.9482
10011.8145
12037.1602
14405.3848
16453.834
17834.1094
18993.8145
19952.9102
20603.6797
20933.9414
21389.3535
21591.0508
21839.75
22031.0586
22097.7754
22109.5645
22206.1543
22211.7949
22289.7441
22312.8906
22385.0586
22589.8789
22620.6602
22572.9551
22630.8789
22583.3145
22607.916
22712.0449
22696.4238
22756.0059
22819.4355
22726.4043
22633.0762
22755.8145
22771.1914
22819.6035
22704.6543
22651.0645
22617.416
22683.4805
22780.3652
22860.8906
22836.75