23832.373
22687.6719
22743.9277
22719.5332
22686.4238
22768.373
22818.2188
22680.3574
22634.0215
22925.5176
22844.2637
22633.5469
22769.6641
22603.0586
22725.1973
22886.6641
22689.4824
22696.0801
22702.9199
22767.8242
22742.6504
22876.1895
22763.7441
22844.752
22827.6719
22748.4453
22674.3945
22746.4531
22808.5332
22698.2773
22683.2852
22677.957
22973.7949
22723.8906
22575.6055
22490.4824
22807.7598
22564.4668
22387.627
22326.5039
22280.0957
22270.4375
22023.5977
21778.1465
21708.541
21525.4531
21113.2773
20653.6934
20037.1895
19055.4082
17450.0215
15286.7666
11892.292
8135.416
4960.6353
3672.0364
4533.5034
7186.5547
10303.4453
13260.2627
15514.1533
17130.8984
18254.9277
19228.7148
19842.6055
20354.373
20625.6426
20893.8477
20947.2559
21046.0137
21076.6641
20767.373
20570.2188
20282.7227
20460.3203
20564.2559
20968.6133
21012.1465
21503.8984
21914.1172
21837.9707
22043.2188
21891.4824
21814.3438
22107.1465
22035.957
22173.8477
22023.7012
22035.8105
22074.709
22042.6562
22048.5039
22109.4883
22106.5625
22142.043
22006.3145
21917.2109
22012.291
22245.4453
22052.125
21996.459
21889.6211
21975.2188
22001.7441
21946.9199
