23524.752
22175.5254
22238.8691
22249.1465
22169.0215
22169.3867
22333.2109
22347.3359
22389.5332
22172.8984
22310.3867
22490.5918
22464.8613
22431.8242
22563.9043
22381.6562
22436.7891
22714.5918
22303.5332
22430.2559
22666.5469
22478.6211
22584.291
22579.9863
22569.4746
22593.0801
22525.5918
22547.1523
22542.2852
22762.5469
22783.2344
22580.6562
22510.627
22697.5176
22383.5039
22342.6855
22479.1016
22403.4082
22523.4883
22275.2559
22374.2344
22302.3867
22125.9707
21941.3438
21759.8828
21561.7891
21314.8691
20960.8906
20253.1387
19416.0801
18313.9492
16774.1602
14362.4453
10900.5762
7095.022
3978.2263
2983.7517
4319.8687
7507.146
10663.4961
13463.168
15692.5625
17080.4668
18348.7656
19340.4238
19660.7734
20130.8828
20362.6211
20665.8027
20808.9629
20803.291
20800.9785
20335.627
19966.043
19801.6641
19830.4883
20131.3574
20760.0879
21122.9414
21155.6133
21561.4746
21476.1465
21538.9043
21757.8535
21808.9629
21831.4238
21761.7305
21707.7656
21579.9785
21734.3145
21708.3203
21699.8613
21578.9199
21491.1816
21611.5762
21769.3789
21758.6426
21640.373
21621.7656
21699.7598
21528.7227
21431.3789
21554.6562
21608.8242
21588.4375
