24720.1387
23686.541
23626.2109
23623.5977
23633.6348
23359.5332
23574.8691
23585.6719
23554.7148
23483.2051
23619.4082
23648.8184
23720.043
23610.8027
23773.9336
23545.7891
23699.6055
23638.416
23804.7598
23622.1309
23636.9492
23738.875
23595.9043
23763.5254
23806.8242
23627.957
23766.0078
23632.4453
23664.8613
23659.5332
23713.3359
23614.8984
23676.8242
23656.0215
23558.416
23549.6855
23461.6855
23303.2988
23392.4746
23360.373
23105.8398
23145.3574
22893.125
22726.4238
22546.248
22180.541
21688.0879
21105.1895
20295.9277
19274.248
17549.168
15178.0654
12280.4453
8905.6133
5842.1973
4238.4673
4151.9634
6033.0728
8553.9199
11386.8906
13871.1826
15976.9561
17747.2988
19076.7441
19907.0957
20551.7812
21012.7012
21307.373
21568.9414
21416.6133
21296.627
21223.627
20788.584
20778.168
20764.5117
20738.8477
21073.3203
21632.168
22279.248
22574.8184
22799.5977
22805.9629
22885.6348
23149.6641
23122.3652
23007.3438
23108.7812
23047.7734
23268.3652
23051.5918
22888.2559
23047.6641
23185.5176
23191.9922
22882.7598
23055.1973
23173.9492
23207.6133
23139.0957
23119.0723
22994.7148
23062.2559
22979.0723
23110
22920.7012
