20839.5117
19598.5703
19609.0215
19709.5039
19648.373
19883.2266
19877.9785
19725.5977
19719.9277
19984.6641
19887.1816
19678.9277
19654.3496
19866.4531
19625.2773
19753.7148
19911.7598
19981.7891
19804.3574
19905.8828
19931.3281
20018.7305
19925.0957
19972.9863
19927.5039
20078.6562
19852.0078
19985.8105
19945.8613
19923.2637
19883.7656
19977.8535
19783.5254
19876.2559
19600.0293
19662.3438
19329.6133
19254.8535
18893.5469
18467.1465
17684.584
17036.3145
15623.9707
13834.8027
11071.3721
7684.8979
4338.0728
2276.8613
2074.73
3808.3723
6565.6934
9284.4814
11508.7012
13273.876
14857.584
15959.8398
16976.9863
17531.0723
17926.2773
18386.9199
18664
18827.0078
18777.043
18509.0586
18536.6133
17930.4023
17670.9863
17700.6855
18064.7363
18821.4453
19332.2266
19474.0508
19578.4883
19619.9492
19662.8184
19580.7949
19739.0801
19709.627
19698.6855
19589.6055
19705.125
19783.2188
19913.6426
19704.2637
19643.9277
19635.4961
19932.2188
19673.541
19677.3652
19639.541
19682.248
19812.7949
19608.2852
19682.4238
19819.4531
19637.8828
19506.1895
19471.0664
19635.4961
19641.1895
19664.373
19480.1523
19532.709
19533.5332
19553.8184
