25187.7598
23918.4961
23853.5918
23812.8105
23719.8691
23954.0293
23772.043
23755.1016
23756.9863
23932.0371
23736.7441
23947.3359
24013.0957
23906.1387
24044.7441
23991.1816
24042.4023
24006.8984
24047.0664
24089.0801
24225.6504
23949.5332
24104.6855
24137.4746
24136.0801
23985.3945
24071.8477
24187.4531
24209.8105
24103.1465
24066.416
23989.7734
23689.4824
23780.5625
23551.0664
23535.832
23129.9492
22988.6641
22399.5039
21733.0293
20894.2637
19517.125
17922.8691
15567.2852
12419.2559
8712.7734
5078.4819
2538.5986
2159.022
3819.2993
6760.022
9909.3135
12869.6201
15444.2705
17408.3496
18997.291
20098.7949
20965.0508
21657.4375
22096.1387
22459.8242
22511.8105
22670.7305
22306.8906
22137.875
21414.7148
20964.584
21320.4297
22111.0801
22919.2695
23647.5117
23937.7441
24179.4375
24256.709
24294.3574
24403.0664
24421.875
24541.2637
24497.4531
24559.5254
24687.1523
24506.752
24519.1016
24620.5918
24617.7363
24671.5977
24537.6211
24407.1758
24612.8535
24555.1309
24570.1523
24344.7012
24423.584
24607.6855
24605.1602
24288.9922
24521.6504
24541.4824
24435.4961
24441.416
24429.8477
24272.0371
24496.5176
24368.5117
24300.2988
