23915.3086
22839.8535
22498.9609
22571.2637
22476.2559
22538.3906
22378.4414
22448.4941
22500.1992
22453.9297
22450.0508
22396.4551
22527.7637
22423.6094
22396.6094
22553.4492
22497.6152
22296.0059
22406.4102
22332.1406
22348.0254
22395.6289
22427.5391
22367.3965
22253.6543
22169.8652
22174.9746
22200.6406
22245.3594
22121.9805
22009.3457
21969.5254
21866.0391
21715.5312
21635.4355
21608.4355
21461.9863
21268.9043
20896.9355
20531.9805
20295.9492
19782.0703
18920.5508
18023.5703
16839.9863
15064.1855
12976.2119
10222.2432
7338.3848
4945.4741
3560.2563
3407.2244
4465.4487
6398.2241
8463.8906
10301.8271
11966.083
13258.5645
14070.8398
14884.9229
15342.6094
15762.7568
15824.5195
15621.9102
15360.5449
15004.9551
14167.7432
13515.3398
13139.0957
13163.6797
13795.5957
14768.9043
15913.7178
17080.4102
18130.4043
19105.4609
20004.9805
20647.5391
20943.8086
21387.5586
21430.3789
21691.5391
21749.9609
22001.1211
22094.8711
22064.8398
22120.0898
22203.6152
22304.1406
22361.9238
22330.3594
22279.3145
22547.4297
22390.8906
22416.0059
22491.9551
22421.4102
22404.1738
22409.2051
22452.3789
22598.7246
22508.1543
22516.4941
22416.0957
22524.4414