25045.4492
23753.0449
23613.9707
23680.3008
23625.6914
23543
23466.6992
23528.4121
23488.4414
23530.0449
23616.4922
23471.9922
23720.0293
23614.9492
23851.0156
23756.0371
23630.4922
23432.9492
23441.3164
23463.0215
23554.1992
23600.5371
23540.2129
23581.0801
23486
23315.9707
23254.3301
23159.9414
22978.7578
23070.6992
22978.1914
22633.8086
22508.7129
22152.3086
22062.9336
21662.3086
21062.9922
20368.0293
19445.0078
18309.2949
16633.3301
14417.5879
11474.9482
8154.3604
4816.0811
2381.8015
1742.4044
3029.2646
5211.8896
7861.3896
10271.0225
12292.5293
13906.1396
15134.6328
15832.1475
16415.6035
16887.4043
16922.3242
16737.7715
16317.9189
15700.7207
14666.5078
13695.1689
12405.0293
11837.6104
11993.625
13456
15665.5078
17661.7422
19281.1758
20490.4043
21233.6094
21778.7129
22210.2344
22524.7715
22707.1621
22991.4629
23168.2129
23168.375
23324.7871
23272.7422
23270.5742
23148.3965
23119.0215
23440.0742
23323.0371
23331.7715
23494.3242
23598.9629
23642.9121
23556.4707
23740.625
23567.7793
23681.9629
23816.2285
23783.6836
23853.8379
23748.0957
23823.8164
23964
23840.4414
23904.2715
23787.375
23884.0156
23720.4629
