25955.6211
24656.1543
24644.2891
24490.8789
24499.6211
24343.6406
24392.5391
24342.7559
24321.1992
24316.6289
24336.2637
24315.2246
24188.1094
24108.5898
24329.2441
24402.6797
24327.3848
24168.3086
24166.4414
24239.6406
24166.1914
24249.1602
24096.0312
23992.8965
23939.75
23978.8652
23736.6465
23807.6602
23485.2051
23467.0059
23098.1211
22892.7051
22661.0957
22405.1992
21988.5703
21230.0254
20561.8086
19679.3203
18431.8965
16882.1738
14643.583
11921.1475
8901.1279
5649.7241
3208.3845
1993.7435
2437.1411
4103.2563
6288.5127
8582.9873
10545.3076
12382.7373
13811.7568
14640.5127
15339.6475
15824.3525
16160.0576
15910.7373
15573.667
15001.4873
14291.0898
13262.7695
12227.8848
11423.333
11411.1543
12506.7051
14347.2949
16520.7637
18393.6152
19753.084
20971.2695
21584.5195
22429.4863
22729.0703
22976.2441
23326.1914
23457.0957
23506.1035
23535.0312
23670.2441
23837.5762
23759.4688
24051.4043
23961.1406
23886.2891
23974.3398
24023.3086
24043.5449
24166.1914
24017.166
24101.4238
24134.0195
24351.4551
24235.4297
24237.1211
24270.7559
24286.4551
24248.5703
24254.2891
24202.6211
24344.7695
24287.084
24279.2363
24359.5312
24258.5195
