24419.6543
23446.5703
23420.2109
23539.6348
23219.4551
23209.6152
23414.4551
23323.8652
23209.7559
23166.3652
23122.0645
22997.3848
22978.0957
22947.7695
22967.8789
22897.4492
22868.334
22702.416
22919.2246
22817.0059
22710.1797
22703.7812
22363.2363
22258.7246
22141.9238
21681.9863
21393.1855
20961.1914
20389.5195
19824.8086
18916.9688
17967.2246
16630.834
14872.4678
12910.0771
10609.6348
7825.3013
5285.6348
3268.3076
2124.5449
1720.8397
2176.0386
3181.9551
4584.1411
6145.8716
7739.5703
9125.6279
10392.2178
11373.0957
12110.6982
12382.7754
12625.7568
12481.2305
11985.8975
11317.9229
10131.3721
9053.6221
7731.0127
6786.0513
6966.5513
8444.9551
10726.1543
13416.0449
15644.6279
17440.4102
18822.3906
19983.3711
20568.1914
21139.1855
21411.4863
21765.8398
22145.1406
22307.8457
22457.6992
22737.1289
22767.6211
22791.2949
22777.4043
22722.2812
22741.2637
22776.8086
22780.4551
22760.416
22872.8652
23109.3711
23023.0508
23104.2891
23227.4941
23232.9102
23231.0059
23213.7812
23254.8086
23307.8965
23310.5312
23237.7949
23307.5254
23425.0312
23327.4609
23118.1211
23190.8965
23068.9609
23047.3848
23007.4746
23144.1543
23216.8848