25483.0547
27154.2051
24782.4102
24766.5957
23269.1445
22814.5371
21945.5
21246.5176
20382.6445
19768.4277
19246.5059
18315.0234
17800.7344
17321.5898
16586.5781
16135.8857
15497.6992
15056.4697
14536.8799
14037.1807
13586.9639
13076.6631
12699.7227
12299.4814
11762.0908
11458.3613
11076.6445
10690.627
10302.5
9974.8311
9727.7646
9293.0117
9025.8311
8788.8799
8371.8672
8163.8857
7869.7168
7644.5303
7357.0542
7087.8916
6925.0542
6656.3613
6415.5
6252.0361
6015.9219
5854.958
5626.8374
5463.2651
5266.7471
5071.6143
