20860.1992
19625.7891
19459.7246
19799.8145
19573.7695
19555.8008
19405.0957
19483.9297
19335.3262
19249.9238
19180.2891
19309.6094
19280.7754
19354.0762
19495.3145
19212.8906
19146.6797
19222.8965
19295.8652
19184.0762
19301.1152
19255.1465
18955.2812
18921.9238
18913.7695
18759.4941
18691.4414
18527.9746
18356.3711
18133.6406
17740.2109
17456.2051
17247.3906
16773.0586
15728.4043
14587.9297
12852.4482
10668.9678
7719.814
4641.981
2289.8076
2059.8525
3500.4038
5480.6411
7734.0576
9495.4932
11128.5576
12279.3721
13184.3848
13730.75
14186.6797
14434.0645
14640.9873
14629.8018
14441.4229
14344.8271
14063.2246
13797.7246
13671.9102
13626.8018
13811.5381
14491.0898
15182.7754
16001.4229
16647.5586
17320.6152
17839.3906
18075.8203
18227.75
18495.8789
18643.4043
18922.6738
18899.1152
18885.916
19078.5957
18850.7363
19097.3906
19080.9297
19037.8457
19034.3906
19183.3652
19023.9414
19061.9492
19222.3535
19200.3203
19082.8398
19221.3457
19251.0762
19152.7949
19082.1543
19067.9414
19119.3594
19318.7441
19165.9238
19119.3535
19207.9551
19337.8848
19234.0059
19196.2559
19372.7051
19359.5
19402.1543
19254.2637
19306.416
19213.2891