26595.6035
25365.6992
25129.6445
25211.3965
24864.877
24711.8223
24925.1504
24652.7129
24640.8281
24625.2539
24532.6719
24701.459
24691.8359
24480.5762
24549.6445
24537.8418
24560.5137
24100.4922
24230.5957
24019.7266
23893.5488
23765.9453
23483.1504
23407.7598
22995.6035
22551.9863
22163.123
21549.1777
21015.1309
19986.9375
18797.8906
17186.1641
15251.877
13127.959
10251.9658
7329.7466
4390.8696
2445.4109
1659.9452
1827.4863
2772.678
4226.1919
6091.5137
7722.5205
9159.8975
10436.3086
11539.0273
12252.8496
12761.2119
12996.7812
13038.9658
12614.2881
12339.1367
11729.5479
10876.3701
9698.6367
9203.3018
8958.1572
9878.0205
11570.0752
13564.8291
16093.7393
17953.1035
19470.4863
20775.2871
21726.1504
22460.1855
22958.1641
23351.4238
23729.418
23939.3281
24122.377
24284.9863
24525.4785
24594.0625
24554
24711.3691
24841.9102
24733.4453
24800.0684
24860.5352
24970.5137
25054.5488
25092.6855
24897.6855
24883.6445
25138.3633
25038.377
24992.7871
24886.5684
24957.1309
25220.123
25205.6777
25046.918
25176.7734
25102.5957
25064.4727
25174.1094
25165.623
25185.2676
25060.3418
25274.8633
25377.5762
25304.1641
25128.6719