27434
26227.8965
26057.9609
26216.1855
26065.0586
26092.1152
26007.3457
25992.1543
25902.0254
25819.3008
26028.1406
25966.2812
25950.8398
25934.3457
26075.9609
25887.6992
25947.6348
25743.2754
25750.4238
25708.6797
25737.5586
25692.0391
25720.4746
25445.3965
25456.7363
25409.2754
25459.7695
25344.0195
25241.2363
25119.5137
25055.7695
24982.6348
24709.1152
24726.4297
24094.0449
23843.5703
23138.2305
22452.0449
21678.25
20274.3965
18678.8906
15976.2246
12602.4297
8524.8525
4402.9741
2183.8655
2780.3655
5642.7437
9133.583
12455.5381
15194.8271
17458.7246
18925.7754
20104.9238
20800.1211
21376.5254
21747.1465
21857.3652
21938.2109
21605.5508
21140.8535
20159.8789
18700.6797
17144.2109
16669.3652
17821.1152
19749.8457
21916.8203
23283.6543
24252.3965
24730.9746
24793.6543
25398.0508
25531.8145
25407.166
25447.9414
25600.3594
25757.9043
25911.6211
25918.8711
25864.4746
25856.916
26022.7754
26256.4746
26010.5254
26091.8594
25962.1602
26138.9688
26138.4746
26065.7949
25902.7637
26024.3203
26087.2812
26045.0645
26014.2637
26056.5391
26176.7305
26067.9551
26066.9609
26164.7754
26079.6465
26113.7246
26221.5449
26249.6855
26067.1855
