27410.1211
26566.166
26774.8203
26316.3203
26218.4297
26117.2637
26037.3594
26165.1738
26254.7051
26208.6406
25927.7188
26054.3652
25921.6738
25877.2637
25725.4863
25927.2051
25947.8711
26134.5645
25769.9297
26004.1914
25864.4297
25728.8535
25637.1543
25818.1914
25857.8594
25397.8594
25522.9805
25403.2891
25489.084
25201.3594
25079.5059
24665.7637
24606.3848
24175.2188
24020.3848
23509.4297
22872.9102
22243.4297
20929.0391
19388.6602
17439.5254
14530.2822
10867.5068
6798.1602
3478.8076
1988.6282
3211.7371
5923.1284
8843.917
11860.0518
14437.1797
16543.0703
18298.4863
19320.9551
20257.6992
20941.9941
21109.6602
21414.1543
21245.916
21001.9746
20131.3535
19056.5
17534.7891
16125.5195
16023.1406
17386.6797
19316.2754
21494.1738
22939.0762
23858.3789
24402.1992
24915.8594
25085.5391
25284.8398
25492.1035
25697.6348
25937.5508
25919.1152
25751.6152
25967.5137
25832.9492
26005.0137
25954.7812
25899.8789
26037.6035
26004.6914
25978.5137
26142.1602
25957.0508
26044.1406
26055.8145
26040.0195
26157.9746
26294.5137
26107.334
26101.4238
26194.6602
26200.3457
26210.9355
26158.0508
26053.9551
26216.2637
26144.7305
25977.6094
26202.7441
