24349.541
23288.5918
23017.6582
22999.6855
22384.6953
22240.7129
22310.4902
22423.6797
22361.209
22172.3711
22053.8613
22066.875
21916.8652
22086.2461
21761.2402
21669.9121
21582.5137
21454.7266
21230.6348
21281.5918
20959.1348
20654.6387
20124.8887
19942.0547
19664.2324
19045.209
18462.1484
17774.6523
16681.0781
15782.6855
14475.1064
12975.9863
11232.6992
9266.2734
7244.9678
5459.3286
4051.8564
2625.176
1930.0186
1483.9537
1702.0927
1952.4814
2643.3057
3453.3564
4245.1992
5146.8843
5761.5601
6415.7407
6939.1021
7301.6758
7707.8706
7873.2964
7976.5229
7939.5879
7878.4722
7928.6851
7858.5371
7866.6157
8102.6758
8891.7227
9855.7588
10979.6621
12450.0137
13661.4951
14948.9863
16212.9395
17169.3516
17932.9082
18706
19505.0918
19896.6953
20327.7363
20831.1992
20927.6016
21226.9961
21356.541
21610.541
21827.9863
22000.1523
22147.8516
22254.3926
22400.6211
22287.9121
22327.8652
22295.084
22304.0918
22389.1855
22715.1797
22473.4219
22444.3418
22570.5039
22683.666
22647.3281
22524.1113
22579.6074
22686.8652
22806.3984
22763.1387
22739.1289
22838.709
22620.5977
22609.7266
22710.9219
22836.9727
22731.7324