25691.1348
23932.5371
24214.0371
24269.9434
24225.1348
23959.75
23948.4004
24033.8184
23905.2871
24068.4473
23957.5625
24185.5215
23877.1875
23785.9629
23939.5312
23974.8496
23815.2559
23862.7598
23753.3125
23719.6719
23811.4902
23717.9688
23632.8906
23423.1309
23139.084
23137.0566
23092.7715
22874.5938
22464.6465
22226.209
21712.8281
21375.6309
20554.334
20007.416
18979.0059
17687.8906
16104.2764
14191.2451
11927.2861
9260.7451
6696.1772
4097.8438
2303.6511
1482.7709
1706.1927
2861.3386
4441.2812
6131.3022
7906.0366
9502.8955
10651.5
11791.9062
12671.8018
13478.8018
13818.8799
14413.1357
14830.0469
15272.8389
15536.0361
15739.8857
16007.5518
16521.959
16904.1152
17364.8184
18022.375
18803.3809
19445.8184
19966.6777
20458.8223
20953.5684
21328.8223
21947.6875
22151.2598
22453.3848
22611.6562
22873.4219
22898.6934
22977.8965
23073.3379
23139.125
23063.3223
23174.5059
22977.7285
23190.9844
23419.666
23318.8965
23255.9434
23384.5781
23455.791
23178.084
23252.8379
23288.8848
23259.6465
23377.5
23202.9219
23355.8438
23089.0566
22910.1719
22924.416
23223.4316
23093.3965
23077.8496
23222.6406
23181.084
23223.1562