26251.4219
27479.5117
25568.832
25488.127
24156.2285
23699.7461
22871.3379
22355.127
21498.3613
20863.127
20393.0234
19704.2949
19046.1621
18620.6445
18035.4629
17529.8184
16860.0234
16497.8379
16037.8008
15490.5967
15018.6143
14604.542
14244.4756
13775.7354
13315.1025
13050.4033
12573.9092
12201.2949
11888.3799
11581.1992
11186.8193
10882.3496
10575.8311
10287.8438
9932.4092
9676.1445
9385.4453
9166.8311
8834.7949
8594.8193
8383.4521
8112.0664
7867.4097
7678.1807
7464.7109
7218.7529
6984.729
6843.1626
6639.1143
6441.958
