24040.8906
26675.6562
23382.9277
23312.9941
22186.2656
21283.3066
20430.8438
19553.9707
18903.7461
18107.0117
17251.7656
16824.627
15980.2646
15378.2168
14827.4521
14153.2354
13673.2529
13149.7354
12580.7646
12142.3369
11582.1807
11254
10729.916
10337.8555
9971.7588
9470.9697
9201.0117
8813.7354
8478.8076
8148.5723
7788.3496
7588.542
7245.4761
6925.4399
6687.9878
6391.8916
6235.5845
5914.4399
5715.7832
5537.8193
5212.9761
5077.6387
4842.8975
4682.1025
4515.7109
4288.3433
4214.7407
3960.1387
3829.4097
3690.5422
