22782.8457
25043.2988
21380.5137
21222.8984
19669.1016
18724.0527
17595.3613
16613.9473
15856.2881
14924.457
14038.5771
13478.625
12540.4473
11941.7881
11301.3701
10717.25
10116.5098
9577.3896
9033.3076
8565.5723
8092.4712
7734.6826
7231.7979
6875.2739
6552.3413
6118.2021
5833.1777
5515.0576
5210.2261
4933.625
4652.1201
4455.5386
4165.356
3969.5481
3763.7356
3543.8125
3361.9663
3175.5193
2977.6636
2883.0913
2655.7307
2572.9568
2388.0432
2294.6489
2163.8364
2021.7019
1946.4615
1847.7163
1739.1538
1653.476
