27024.936
25130.871
25127.258
24707.709
24003.709
24412.871
24132.742
24101.967
24192.193
23996.773
23667.902
23732.936
23949.387
23411.193
23668.645
23491
23394.742
23267
23191.902
22534.967
22415.387
22080.645
21889.162
21619.871
21124
20329.322
19648.678
19030.871
17796.871
16905.258
15799.193
13881.968
12293.161
10375.483
8272.419
6198.484
4402.903
2803.032
2183.419
2171.742
2552.161
3776.613
5344.064
6698.097
8439.807
9863.29
11434.483
12777.387
13739.549
14632.613
15705.807
16268.354
16953.258
17716.678
18410.549
18690.387
19157.967
19336.291
19668.516
20312.162
19948.773
20300.58
19987.967
20213.322
20299.645
20244.58
20022.387
20039.871
20060.58
20113.355
20123.033
19886.098
19518.291
19490.033
19359.613
19698.258
19307.678
19828.709
20237.193
20881.064
21037.936
21563.162
21731.387
22040.742
22338.871
22584.098
22647.098
22803.258
22875.098
23299.193
23381.42
23041.58
23374.773
23429.42
23249.549
23616.516
23617.58
23476.098
23672.773
23569.678
23369.838
23512.613
23709.258
23634.387
23618.064
