28416.064
26032.033
26074.098
25854.549
24898.291
24603.322
24698.645
24321.549
24444.227
24560.387
24317.258
24078.773
23863.098
23794.902
23689.451
23717.58
23699.227
23439.291
23011.033
22629.936
22145.355
21926.355
21265.451
20937.484
20529.193
19656.807
18762.064
17990.451
16706.258
15356.064
13866.839
12382.613
10476
8567.871
6672.903
4910.064
3215.548
2040.742
1439.645
1486.484
1908.226
2944.871
4015.548
5493.323
6743.064
7835.548
9129.613
10418.161
11614.742
12572.871
13575.322
14495.064
15266.774
16005.322
16514.516
17225.033
17703.58
18252.033
18605.516
19081.807
19170.58
19266
19751.807
19552.902
19424.258
19205.902
19139.033
19286.484
19211.936
18930.549
18941.516
18701.162
18839.291
18296.645
18093.322
18121.967
18529.322
18852.613
19403.967
20093.773
20768.387
21228.936
21865.709
22320.807
22646.162
23068.678
23250.322
23272.645
23200.967
23490.613
23527.129
23964.936
23924.451
23880.227
24069.549
23716.838
24096.516
24106.549
24234.162
23944.678
23932.678
24257.098
24166.549
24144.838
24354.033
