26745.742
24926.678
24696.42
24831.936
23494.807
23296.936
23013.258
23191.484
23095.484
23337.516
22996.773
22814.871
22487.709
22210.838
22069.355
21932.42
21895.936
21526.193
21236.291
21090.193
20400.098
19991
19344.193
18795.516
18140.033
17411.129
16536.549
15505.193
13809.483
12342.936
10894.483
9360.517
7586.161
5990
4251.387
3361.194
2471.226
1776.742
1606.065
1790.871
2180.129
2703.839
3784.419
4784.419
5573.484
6717.258
7727.484
8520.258
9514.71
10343.581
11298.226
11915.774
12578
13200.581
13780.903
14649.419
15010.29
15475.097
15783.032
16022
16123.646
16304.774
16334.129
16051.742
16140.807
16207.419
15979.903
15804.258
15578.549
15370.517
15539.613
15327.032
14626.71
14786.161
14528.807
14941.807
15060.387
15743.839
16595.678
17327.773
18467.871
18958.838
19449.355
19724.773
20809.322
21067.645
21141.451
21238.258
21830.451
21733.709
22015.162
22286.42
22334.838
22370.58
22458.936
22536.129
22287.678
22765.033
22798.42
22503.516
22480.645
22626.807
22562.549
22851.709
22931.484
