25466.098
23274.291
23265.258
23121.516
22639.516
22781.42
22424.322
22368.162
22389.807
22259.322
22261.162
22192.227
22197.549
22125.645
21918.613
21721.967
21652.773
21404.451
21389.258
21236.129
21084.871
20894.484
21110.871
20376.678
20267.807
19906.322
19565.064
19496.967
18735.387
18077.645
17115.355
16672.807
16019.032
15394.613
14048.064
12891.097
11930.807
10233.161
8983.419
7615.129
6200.548
5392.774
4175.484
3011.677
2074.226
1859.29
1485.387
1326.742
1467.968
1638.161
2055.774
2630.548
3104.645
3783.064
4347.258
4966.548
5652.129
6434.839
6986.871
7450.839
8090.871
8702.517
9169.774
9869.742
10349.29
10812
11585.549
11723.613
11751.29
12406.936
12015.581
11929.419
12051
11882.419
11666.032
11444.807
11558.968
11140.839
11215.646
11044.549
10723.258
10430.161
10335.129
10357.517
10438.71
10716.193
11684.903
12522.451
13295.839
14424.871
15753.903
15976.71
17484.355
17949.902
18631.742
19060.162
19401.773
19537.516
20167.291
20267.355
20536.936
20625.129
20850.291
20889.58
21406.742
