28750.393
25683.117
25421.156
25446.785
25087.607
24758.078
24605.256
24806
25064.627
24555.059
24610.156
24466.824
24201.941
24500.725
24465.666
24210.195
24033.373
24000.725
24184.588
23813.195
23737.156
23284.02
23121.844
22753
22493.961
22422.078
22091.902
21151.705
21035.49
19932.176
19154.078
18902.961
17494.607
16914.373
15398
13636.039
12193.529
10401.941
8304.451
6172.804
4521.588
3457.98
2084.412
1792.647
2224.059
2850.588
4017.137
5387.784
6821.353
8035.176
9352.529
10559.235
12017.883
13034.196
13847.294
14834.412
16030.765
16536.844
17359.176
17719.137
18179.234
19109.412
19660.412
19707.195
20062
20166.49
20238.725
20645.49
20680.863
20682.51
20754.314
20941.373
20792.215
20899.117
20900.314
20568.314
20632.098
20709.529
20376.039
20300.412
20508.744
20700.176
21190.432
21765.805
22634
22726.137
23345.49
23738.412
24329.568
24049.627
24718.039
24395.156
24964.883
24725.941
24731.275
24969.393
24880.51
25102.078
24928.137
25136.432
25363.412
25317.529
25365.373
25533.373
24967.607
