24983.549
22489.51
22123.529
21797.51
21686.844
21342.234
21459.588
21806
21311.334
21600.844
21223.137
21381.354
20809.156
21397.902
21365.117
21513.49
20931.373
20563.176
20901.863
20484.078
20378.256
19872.256
20067.432
19826.705
19189.295
19290.844
18989.098
18438.078
18038.588
17472.705
16504.98
15535.961
15312.353
14257.549
13185.196
11992.255
10387.98
8995.372
7429.079
6045.529
4334.333
3316.353
2542.274
2621.627
2426.667
2897.353
3694.471
4821.549
5856.02
6667.686
7802
8963.216
9954.823
11062.235
11452.588
12562.471
12940.49
13215.98
14296.687
14826.549
15098.765
15777.432
16320.902
16094.902
16628.844
17018.393
17104.863
17394.98
17417.393
17573.451
17504.805
17287.098
17373.941
17109.922
17269.922
17411.412
17005
17085.451
16936.824
16616.334
16854.354
17448.256
17567.471
17726.354
18852.785
19309.824
19488.98
20282.295
20539.373
20520.256
20847.234
21118.451
21229.176
21301.059
21646.588
21165.49
20799.666
21724.334
21679.744
21320.215
21197.215
21466.314
21242.354
21471.49
21758.412
