24692.705
21264.941
21404.234
20899.627
20383
20646.961
20477.883
20317.98
20222.744
20140.568
20210.686
20253.354
19828.607
19970.766
19840.49
19456.059
19118.393
19223.805
19043.607
19018.234
18919.393
18950.744
18203.215
17884.334
17389.295
17007.666
16746.785
15842.549
15249.628
14737.568
13772.02
12575.235
11320.098
10239.549
8464.745
7224.98
5667.549
4507.608
3377.039
2345.314
1775.471
1749.784
1993.863
2653.039
3000.843
3755.118
4559.196
5689.784
6296.902
7684.921
8174.98
9424.706
10121.628
10654.647
11572.02
12221.353
12770.647
13316.765
13952.784
14366.216
14440.843
15055.059
15264.49
15877.784
15640.765
15609.333
15761.255
15850.216
15760.02
15555.823
15909.393
15660.607
15392.922
15378.353
15378.157
15080.647
15225.451
14987.823
15220.255
15736.765
16057.647
16759.883
16722.471
17343.529
18037.295
18577.686
18958.195
19085.215
19295.744
19437.098
19663.354
19853.863
20024.059
20097.393
20235.137
20125.393
20451.49
20340.295
20503.922
20675.844
20754.686
20682.902
20510.568
20745.098
20713.883
