22995.059
20226.098
20018.393
19317.666
19214.059
19059.256
18760.334
19152.941
19307.922
18815.117
18547.961
18736.334
18537.725
18357.471
18630.195
18863.961
18424.02
18271.215
17872.844
17941.078
17603.785
17092.295
17027.334
16734.705
16509.393
15951.372
15540.02
15096.745
14694.255
13671.961
12696.51
11758.667
11158.961
9625.255
8569.117
7047.647
5755.294
4549.314
3469.667
2543.941
1887.569
1763.863
1671.784
1911.823
2483.098
2911.823
3717.843
4657.569
5493.98
6064.196
6935.353
7770.451
8620.549
9215.765
9629.98
10206.51
11248.804
11384.902
12102.687
12608.706
13201.902
13514.51
13958.588
13813.412
14265.333
14248.607
14347.471
14614.393
14342.098
14197.726
14133.333
14015
14219.726
13919.157
13880.313
14052.902
13688.059
13315.117
13638.372
13595.294
14530.02
14605.549
15202.235
15983.667
16255.922
17284.922
17587.393
17945.549
18138.588
18231.961
18654.451
18884.234
18701.863
19096.607
19375.805
19036.275
18859.725
18801.744
19490.98
19006.883
19106.215
19382.607
19242.234
19613.883
19690.176
