24314.256
20582.156
20507
20782.883
19758.529
19783.412
19326.844
19144.725
19785.863
19255.961
19632.393
19154.549
19266.568
19060.078
19293.078
19033.588
18744.568
18820.941
18229.314
18346.412
18123.412
18154.176
17749.098
17282.137
17315.568
17065.471
16504.766
16101.823
15462.294
14774.961
14490.765
13558.059
12877.804
11827.568
10875.588
9971.51
8612.255
7335.412
6184.706
5082.765
4017.745
3069.314
2273.843
1775.647
1771.177
1663.863
1786.059
2003.823
2256.118
2721.843
3515.569
4136.51
4850.059
5394.098
6078.235
6698.529
7656.961
8124.569
8584.432
9430.804
9893.843
10626.039
11074.353
11471.745
11853.432
12214.883
12445.313
12804.765
12775.333
12880.372
12893.726
13254.647
12990.607
12655.059
12811.922
12682.765
12836.922
12333.647
12334.196
11982.51
11799.313
12289.647
12483.138
12586.333
13331.883
14348.333
15007.687
15598.372
16136.451
16791.844
17132.686
17563.059
18113.646
18349.156
18409.588
18573.941
18923.49
19151.039
19072.234
19390.117
19584.334
19688.059
19407.844
19711.059
19801.883
