21846.8184
20283.5547
20099.1309
20154.0723
20065.8984
20042.9414
20066.7012
20079.4668
20065.6855
20022.5176
20119.3867
19942.0137
19896.0137
19868.9863
19952.168
20182.627
19917.0664
20034.2773
20021.0508
20131.5254
20104.9336
20098.0879
20030.4023
20175.8535
19960.248
20135.6719
19914.0879
19904.2773
19926.5625
19756.6504
19668.0293
19500.9199
19580.8613
19254.832
19010.291
18588.5332
18290.8691
17574.1816
16895.3145
15710.9053
14464.7959
12516.0879
10040.5625
7292.7739
4531.73
2614.168
2010.3795
2818.3503
4729.3359
7004.2993
9233.8545
11251.5547
13014.6426
14452.5479
15394.5332
16357.2852
16989.3281
17483.6055
17815.5254
18079.2637
17945.2109
17924.3652
17531.5254
17186.8984
16897.5176
17144.8691
17648.168
18220.6855
18875.4883
19300.3789
19562.4238
19714.7227
19844.5977
20061.4824
20032.373
20101.2109
20161.1816
20043.7227
20171.1816
20230.1172
20164.6562
20098.1758
19980.1172
19980.957
20074.9043
20117.2559
20067.3438
20039.6348
20017.7012
20004.6426
19871.4023
20116.9043
20049.1602
20110.627
19846.291
20075.9863
19843.8984
19877.4238
19849.4375
19911.7734
19918.8984
20000.1016
19849.2109
19975.1094
19877.4375
