22236.3438
21332.3789
21423.4453
21506.8535
21259.4531
21472.8105
21492.9336
21226.291
21448.9336
21397.0215
21543.8828
21545.957
21497.248
21512.1016
21343.832
21507.5039
21490.584
21412.1895
21329.291
21479.4082
21577.8535
21587.9121
21340
21321.5762
21475.6426
21407.4961
21309.9785
21286.3652
21140.9492
21009.0723
20768.3145
20526.4961
20094.1895
19839.0371
19334.875
18496.5332
17288.2773
16002.3213
14083.2559
11532.3574
8431.4238
5018.0947
2554.6497
1538.1533
2043.8322
3648.197
5961.8174
8205.0732
10682.6201
12784.54
14545.7148
16013.8545
17070.3867
17953.5039
18732.3496
19181.5762
19431.9043
19669.2637
19518.3066
19391.7012
19099.0723
18161.8984
17971.9199
18767.373
19588.0371
20242.709
20743.957
21047.1523
21084.8984
21484.5117
21440.7148
21507.9043
21453.5254
21391.4531
21487.6797
21478.9922
21557.0957
21466.3867
21374.6641
21628.2559
21551.2402
21673.6055
21502.9629
21389.9277
21642.5918
21496.6855
21628.9336
21473.7012
21516.8105
21454.0723
21492.4961
21581.0371
21465.4746
21556.6133
21656.373
21408.4961
21421.7891
21421.9492
21441.6504
21461.7598
21363.6211
21264.8398
21365.9492
21317.9277
21368.1094
