25606.6719
24128.2461
24162.582
24186.8281
24303.0137
23929.4922
24046.7949
24178.0684
24264.2598
24156.6172
24075.8633
24168.1367
24167.623
23843.1641
24155.2461
24177.6445
23996.8555
24177.3496
23989.5625
24167.2129
24010.3418
24060.1367
23683.541
23933.2402
23832.2812
23897.0488
23670.7266
23421.1582
23253.4648
22865.1719
22510.8281
21915.7266
21712.0137
20824.8223
19701
18003.918
16307.2676
13788.0752
10716.2744
7406.6782
4376.4727
2546.0959
1702.1781
2473.1506
3885.1643
6218.8491
8632.1641
11160.5273
13539.4043
15551.9521
17318.5352
18769.5273
19783.4102
20667.877
20920.3281
21251.6582
21516.3828
21382.377
21011.7461
20274.1582
19389.8906
19604.6504
20607.1582
22016.0762
22751.4102
23608.4785
23795.3828
24094.8496
23933.8906
24014.4785
24288.3691
24246.2129
24515.5352
24577.1094
24390.5625
24526.418
24713.0957
24518.4102
24935.9922
24585.8496
24591.3008
24714.3965
24872.8691
24434.3965
24637.0762
24676.5273
24640.6641
24736.7598
24647.9785
24580.4453
24737.0352
24810.4043
24717.2402
24841.877
24334.3008
24554.4238
24578.123
24658.1035
24731.5078
24726.6914
24700.6777
24599.7324
24615.3965
24266.0625
24234.4375
