24446.4785
23083.3223
23293.5273
23462.4863
23007.9512
23084.4922
23420.3086
23211.3906
23046.3555
23310.7402
23384.123
22925.6719
23257.9648
23617.3828
23152.4785
23194.8555
23419.2266
23309.5625
23012.4102
22884.2949
23087.2598
23265.5957
23323.623
22828.2129
22942.5273
22978.3281
22910.1094
22560.8281
22569.8965
22485.9316
22287.4648
21792.2676
21269
20941.0684
20250.082
19199.6309
17901.1641
16275.4795
14203.8086
11560.1709
8609.0957
5618.2056
3296.459
1892.8356
1585.4795
2440.2056
3876.6028
5791.1025
7848.9043
10114.5068
12501.5889
14530.4111
16043.9111
17424.4316
18202.9512
19212.9727
19965.8965
20096.082
20012.2812
19979.8281
19496.6035
18574.0684
17310.9238
17634.7598
19294.6172
21048.6855
22070.0352
22674.4375
22823.1367
22999.7402
23382.377
23559.5
23547.8965
23351.2871
23320.3828
23686.3223
23740.4238
23792.8418
23547.1992
23536.8359
23578.7461
23706.0488
23767.0352
23763.2949
23392.4785
23783.7129
23875.7539
23638.2598
23615.4648
23583.3223
23768.7266
23624.0547
23498.0684
23462.9922
23708.6309
23744.7402
23529.9238
23500.4238
23640.8496
23679.6172
23630.2461
23457.7188
23420.3906
23366.8281
23513.6094
