21834.2754
20794.0684
20637.5254
20641.4434
20585.8848
20511.8594
20608.8809
20394.0059
20395.0723
20522.5371
20448.9219
20533.9844
20616.0996
20481.5684
20346.7559
20315.4121
20411.3438
20557.4004
20387.0059
20237.2246
20113.4434
20191.8027
20199.834
20334.5
20407.5312
20088.3066
20038.0879
19964.6406
19854.8125
19794.1348
19734.4121
19564.5723
19425.084
19005.3379
18906.6875
18554.4121
18280.209
17726.834
17079.4219
16118.5674
15018.4736
13673.3955
12000.0205
10110.7549
7797.9531
5547.7134
3636.323
2357.375
1987.2344
2626.4739
3714.8801
5068.4897
6596.9897
8094.6094
9384
10444.7656
11141.9951
12010.3545
12612.7549
13122.6455
13563.1455
13937.375
14179.9795
14706.9375
14836.0518
15256.083
15554.9951
15696.3857
16047.0576
16432.0215
16666.0879
17145.1816
17428.9746
17843.1406
18017.8496
18255.0059
18520.0254
18898.8223
18721.5938
18787.541
18977.5996
18970.2715
18990.9629
19107.4941
19218.2598
19119.8965
19007.6094
19057.3652
19144.8965
19362.2402
19209.6816
18993.7285
19261.584
19399.459
19293.1504
19394.1816
19544.2344
19606.4375
19349.7246
19374.8281
19383.8066
19512.6621
19687.1191
19492.6348
19351.1934