22223.416
20820.0742
20653.4961
20627.7031
20290.0703
20205.3477
20215.0371
20271.4492
20277.5781
20249.0918
20076.0176
20177.2363
20179.9766
20114.5039
20099.2031
19954.8789
20002.2402
19933.9355
19845.1621
19881.2363
19735.5469
19665.4395
19435.4629
19227.1211
19069.5137
18907.3613
18591.4629
18261.3789
17667.8574
17039.1289
16436.1953
15672.1436
14572.7773
13378.2871
11877.5371
10124.0879
8269.6943
6138.0093
4295.75
2908.3193
1808.8843
1503.4398
1581.8287
2124.4536
2929.5417
3846.9443
4919.2129
6073.4492
6996.6714
7796.5508
8579.3662
9109.7549
9714.3105
10066.1943
10452.9541
10757.6992
10908.292
11426.9678
11618.8291
12032.458
12492.2822
13077.5049
13520.7734
14175.6338
14787.1992
15316.5186
16005.3613
16502.959
17103.6719
17529.6113
17699.3105
18020.7324
18258.3848
18556.9258
18634.6523
18825.0273
19056.5742
19145.6289
19135.3047
19131.709
19173.5273
19363.3008
19282.5176
19434.0332
19249.3008
19144.2129
19306.3379
19316.25
19314.291
19252.7461
19194.1582
19341.6348
19417.5508
19324.6758
19265.8711
19402.2676
19381.209
19563.7539
19444.6797
19304.2969
19326.4453
19256.375
19310.7266
19311.0742
19360.6953