23690.6289
22277.8242
22104.2227
22331.6895
21877.4961
21626.041
21606.6348
21704.6484
21597.4082
21693.7773
21600.4492
21591.8613
21435.291
21414.1895
21394.0332
21361.9668
21063.7539
21111.9727
21027.1895
20896.4082
20812.3984
20614.6523
20384.0039
20085.8574
19612.2363
19325.9668
18939.9258
18236.4453
17712.3477
17003.3281
15990.8145
14653.4209
13300.0322
11637.0879
9542.1992
7604.3379
5648.1064
3939.6714
2364.8564
1732.3657
1470.5323
1629.0093
2298.0371
3070.5371
4157.0044
5095.8843
6117.9814
6877.2871
7728.9307
8368.8936
8899.0557
9307.333
9686.0088
10028.4863
10086.9912
10366.2451
10540.292
10760.0186
11062.3193
11525.8008
12128.8379
13041.2822
14048.2549
15001.7734
15788.2637
16818.4961
17532.0234
18186.7871
18701.2168
19343.8379
19713.4492
20107.6348
20410.6387
20591.6016
20848.8887
21045.4668
21049.2598
21254.3281
21317.7324
21476.3613
21528.709
21647.8574
21508.3652
21682.8789
21801.2402
21651.8281
21731.6855
21800.8516
21780.7402
21804.3242
21771.584
21822.3789
21710.3574
21643.6523
21649.0176
21868.125
21717.5137
21722.7637
21768.9961
21940.5879
21792.0273
21723.3047
21680.1797
21894.2539
21719.2832