21569.2051
23039.1719
21156.0527
20763.1855
19797.7559
19233.0801
18325.0664
17865.377
17092.7617
16556.1582
16002.2188
15255.5166
14839.166
14315.7285
13730.9668
13375.874
12766.9072
12443.1455
11915.457
11516.0859
11162.874
10647.3506
10366.834
10030.3379
9651.3975
9329.3311
8900.7217
8757.3379
8318.3779
8053.3711
7840.0396
7491.8872
7308.7881
6983.6821
6810.9009
6566.2319
6265.6621
6159.6289
5853.5034
5664.4307
5522.6025
5265.2383
5114.7485
4905.3843
4775.7949
4602.106
4410.457
4297.9668
4114.4702
3978.7351
