21451.9375
23901.9375
20971.625
21117.5332
19735.9883
19173.6582
18417.6992
17663.4766
17086.9609
16315.7334
15714.7334
15251.1592
14524.4316
14036.9834
13533.9883
12946.6367
12562.5225
11972.0166
11625.9941
11164.335
10673.835
10375.6367
9900.2783
9555.9492
9230.6816
8833.3125
8586.3916
8141.4263
7951.8237
7604.7612
7274.8354
7103.9375
6762.25
6561.7271
6278.1533
6056.1479
5859.2842
5577.7896
5424.0171
5214.9658
4993.8125
4820.3184
4624.5283
4501.7329
4283.3521
4141.4316
4019.0796
3808.9546
3716.7842
3593.0342
