20274.1133
22417.418
19113.293
18979.2598
17434.9043
16651.4863
15668.8027
14750.5371
13999.9209
13168.8359
12473.1807
11810.3223
11134.4072
10509.667
9959.8818
9402.1641
8878.2656
8361.7002
7931.4634
7487.4292
7055.3389
6713.4238
6320.791
6001.2881
5651.7402
5343.0225
5061.0454
4760.6895
4527.1919
4281.6382
4017.5933
3830.3052
3586.8982
3386.9097
3245.8079
3047.113
2868.3389
2710.4463
2581.5425
2444.7854
2268.2146
2180.6948
2042.887
1953.0226
1834.2317
1738.7401
1641.8136
1554.4011
1494.9379
1404.209
