26788.1016
28671.5078
25541.3047
25086.1523
23581.498
22875.7109
21459.0059
20725.502
19525.4863
18893.125
17930.7852
17114.5703
16376.2939
15616.2822
14914.1865
14264.2598
13589.7627
13058.0283
12354.3223
11831.5479
11368.7002
10803.2764
10383.373
9876.9375
9405.6104
9039.5479
8606.4346
8268.6328
7865.7739
7516.373
7139.5312
6845.3955
6623.1187
6313.5425
6010.3784
5663.8984
5462.8589
5234.8643
4978.2432
4817.0059
4571.5591
4347.6157
4215.7852
3963.4802
3842.3333
3650.2881
3535.3052
3379.2146
3192.2769
3087.4519