23747.9824
25280.2715
22980.8691
22540.8477
21271.9102
20795.5371
19600.6445
18957.4414
18170.1914
17537.9219
16793.5078
16093.6211
15488.8867
14904.8867
14274.6836
13739.5029
13162.1523
12697.1357
12168.8867
11693.4688
11236.915
10778.209
10412.6953
9958.9717
9582.1807
9254.7686
8816.0674
8505.2148
8209.3506
7882.6104
7504.8872
7247
6977.8081
6677.8926
6426.9829
6196.8755
5975.4688
5706.791
5496.373
5266.5708
5091.3335
4864.3618
4713.1753
4526.5425
4291.729
4166.4575
4015.113
3848.3389
3735.0564
3587.5649
