23726.7344
26166.8184
22952.1309
22641.1855
21251.0781
20231.4473
19378.1406
18498.0684
17505.2891
16790.4004
15958.6445
15334.4805
14497.2539
13936.0625
13232.5879
12614.4404
12023.418
11500.4912
10964.2881
10460.9941
9991.1133
9505.6777
9069.6553
8669.8984
8273.667
7847.356
7552.5142
7229.1523
6835.6948
6494.7344
6280.3276
5959.1128
5644.7852
5415.6948
5204.9097
4921.3105
4701.3955
4540.9268
4288.0508
4101.6499
3896.678
3772.6157
3532.9888
3373.4971
3256.209
3105.853
2928.5029
2801.5142
2687.469
2570.7175
