24610.209
23319.6875
23633.0059
23404.0371
23577.1406
23360.9688
23057.291
23223.9062
23279.8223
23313.4062
23184.3594
23039.5625
23065.5156
22910.791
23212.5215
23230.0469
23197.0059
22938.334
22970.0059
22860.2129
23080.7285
23117.2188
22996.0371
22950.8066
22673.7285
22615.5254
22753.1816
22740.2812
22711.0625
22358.4219
22553.2871
22368.8125
22241.625
22288.1934
22145.2441
21576.2246
21379.1191
21337.0684
20737.166
20173.5879
19576.291
18655.7871
17338.25
15961.5156
13746.8955
11241.3438
8400.7656
5348.7603
2947.1511
2002.7448
2419.2761
4401.771
6737.6772
8866.9111
10765.3799
12371.7393
13694.1768
14730.7236
15509.1924
16028.9014
16584.9844
17041.041
17474.084
17734.0527
18030.0723
18299.9375
18580.2871
18681.7598
19005.416
19531.7246
19944.6465
20208.5527
20543.9902
20749.2559
20913.4629
21096.8125
21224.6406
21323.584
21405.9629
21709.4746
21715.9531
21639.2246
21901.0938
21855.1562
22008.4004
22089.6152
21794.6152
22283.9277
22458.0098
22416.9219
22017.8379
22410.9219
22645.959
22509.1875
22398.9277
22483.5527
22074.2559
22183.3281
22393.1406
22437.0879
22600.4375
22642.1191
22518.3125
22487.8594
22716.1719