23438.1621
22218.3125
21980.8223
22254.0781
21897.5312
22113.1348
21918.9219
21840.7715
21788.7754
21903.2871
22027.2402
22038.6465
22051.9941
21673.875
21700.5371
21813.1406
22019.709
21878.0684
21879.5625
21737.8848
21605.9375
21663.4473
21762.8965
21921.5527
21703.4375
21671.2344
21529.8184
21545.4434
21421.6406
21438.2812
21179.6875
21467.5684
21190.1152
20880.8535
20801.4121
20596.6504
20177.6465
19909.4316
19660.0684
18941.8496
18130.8438
17185.6094
16084.1143
14520.1143
12797.042
10462.2139
8020.7603
5401.5366
3461.0781
2366.9688
2351.1458
3477.3958
5159.5366
7030.8696
8796.9219
10368.5
11424.8594
12606.6719
13508.9482
14318.4951
14693.2656
15154.625
15485.0264
15756.8594
15990.3701
16365.333
16573
17061.3184
17331.1465
17561.3965
17762.416
18276.0527
18785.8594
19186.3496
19423.0996
19675.4844
19811.9688
20148.3535
20308.9121
20231.6934
20478.5625
20519.5312
20264.4062
20509.1152
20894.7754
20868.25
20776.2715
20783.6152
20666.3438
21108.9316
20914.2969
20594.1621
20865.7812
21058.3125
21088.375
21220.0566
21132.6348
21012.4219
20910.666
21072.0059
21010.0723
21197.2598
21359.6973
21151.3223
20764.5723