25400.3105
23885.5
23803.4297
23837.9395
23440.5781
23407.9863
23536.0508
23394.7363
23374.7871
23318.5098
23442.4863
23339.2734
23280.0098
23386.2461
23273.7324
23128.2734
23311.2871
23205.2637
23051.666
22891.0508
23005.2598
22943.8516
22803.5781
22656.9121
22457.9902
22374.9023
22105.3613
21726.8008
21425.0879
21127.0137
20701.5879
20180.8477
19430.0273
18608.5918
17413.0879
16114.9678
14422.5322
12449.3145
10184.7734
7913.1851
5592.9214
3575.9397
2244.074
1588.6528
1704.4907
2479.1157
3592.0232
4983.6436
6270.3379
7614.3472
8706.8936
9867.4258
10621.4541
11284.2178
11954.9209
12354.6436
12948.4541
13248.042
13616.333
14113.6758
14416.6338
14816.1943
15276.7266
15750.1807
16381.5371
17249.5176
17804.3574
18659.9531
19297.9766
19741.4453
20102.791
20779.5039
21043.6152
21521.4355
21893.8379
21926.5918
22165.3613
22160.9766
22354.1113
22627.2539
22733.9902
22598.7637
22606.5605
22643.6523
22863.209
22903.6719
22825.0879
22762.0371
22761.1621
23051.5137
23051.1426
22728.4629
22896.4668
23053.2363
23036.9492
22906.0098
23001.2969
22959.2773
22902.7168
22843.5703
22976.3848
22786.166
22833.7461
22924.1855
22874.2266