23650.8379
22488.041
22219.6797
22439.0605
22074.1953
21934.3418
22096.2266
21987.6523
21818.5371
22031.3203
21845.1992
21866.4355
21933.0703
21618.791
21628.8242
21551.9121
21541.9902
21482.7227
21342.3379
21272.4219
21058.7031
20782.959
20619.75
20308.1621
19912.1426
19552.584
19205.8145
18426.8516
17906.9824
16908.0098
15894.7266
14844.6855
13311.0088
11656.3662
9552.0137
7666.8008
5799.8193
4124.2964
2702.1343
1874.0648
1489.0972
1581.4954
1903.6018
2513.6528
3536.6807
4324.6665
5167.5464
6005.8887
6630.3335
7278.6992
7937.3242
8154.9678
8520.3701
8695.917
8864.3105
8988.6758
9183
9308.1436
9521.9541
9996.3984
10518.75
11369.4678
12384.2637
13461.8477
14389.2412
15504.3008
16424.5234
17391.8613
18097.459
18619.5703
19267.1211
19690.0742
20231.5977
20516.3008
20814.8711
21070.7598
21112.8984
21149.9219
21449.5039
21668.2461
21929.2832
21950.1895
21666.4023
21840.4453
21921.0508
22130.8926
22179.5098
21982.9668
22146.416
22089.2266
22158.3203
22121.9219
22236.2598
22321.084
22177.5273
22111.9023
22167.6797
22191.7324
22049.75
22323.166
22202.8613
22257.8203
22275.4824
22252.9863
22192.5742