27477.9727
29174.2715
25979.0449
25337.4746
23727.8086
22751.7461
21481.7227
20599.0234
19373.1699
18610.5078
17618.666
16814.8867
15950.2539
15190.9492
14448.5879
13711.1074
13003.3789
12456.1807
11817.6953
11255.8818
10713.3447
10151.3838
9719.8643
9178.9209
8844.582
8394.791
7962.8306
7610.4634
7182.8643
6931.582
6543.1582
6213.9888
5934.0283
5610.1978
5365.2036
5085.0059
4865.7964
4641.7686
4387.4971
4178.1753
4011.3276
3796.6497
3668.5198
3497.6948
3281.2881
3127.6101
2981.1299
2905.469
2718.3276
2584.3616