27179.1816
28933.498
25331.8242
25058.666
22970.6152
22102.2539
20817.4297
19738.9609
18686.8301
17605.1523
16690.7676
15834.3389
15016.4912
14212.7744
13448.1523
12749.0059
12055.4863
11463.373
10861.8027
10244.9326
9766.2656
9266.1699
8674.1807
8299.751
7823.8477
7476.5762
7025.2769
6617.729
6322.1919
5932.0171
5697.8701
5370.5029
5082.4126
4798.2827
4546.3618
4311.2148
4061.4575
3863.8813
3672.7231
3513.4802
3289.9153
3163.0959
2976.469
2831.9153
2646.531
2563.531
2398.0959
2275.2881
2193.0847
2067.175