24304.916
23472.0957
23516.6816
23307.543
23128.4629
23132.6445
23100.1738
22971.0234
23319.4277
23105.8066
23038.3379
23076.832
23130.5605
23127.1875
22793.084
22790.5781
23005.4219
23049.9707
22814.0488
22748.6445
22751.8125
22541.4707
22342.5059
22240.7773
22209.0371
21917.3906
21528.9336
21367.8555
20950.2344
20434.2656
19626.457
18911.7109
17838.6816
16412.8008
14609.3193
12450.542
10034.3975
7164.1323
4520.5601
2781.988
1767.2169
1829.7169
2708.6807
4137.9038
5834.1025
7546.0845
9231.127
10975.7412
12172.3193
13088.3555
13601.3438
14030.5059
14246.6865
14096.5723
13425.3438
12443.5244
11370.6445
9723.7227
8285.6387
7391.1626
8318.9814
10779.9941
13641.873
16201.9453
18399.4219
19563.9707
20327.1875
21256.5605
21595.3984
21944.5605
22255.7949
22444.8125
22476.9629
22752.1094
22772.8125
22666.1992
22857.8379
22950.1152
22887.5781
23035.5176
23006.5293
22930.1094
23097.6328
23184.7539
23024.3555
23181.7227
23271.7949
23165.3379
23066.2773
23324.832
23027.8555
23021.5176
23145.5059
23337.3496
23121.5488
23284.0371
23356.5781
23361.416
23221.127
23416.5059
23496.6621
23187.8848
23498.5723
23323.5488
23196.1738
