27065.8086
26022.8965
25780.2461
26096.6445
25827.4727
25841.0352
25833.2949
25968.2598
25720.582
25801.4727
25886.5352
26036.0273
25790.2266
25787.5762
26012.5488
25973.3281
25722.4785
25771.4238
25941.7539
26083.7734
25662.377
25832.2402
25669.5762
25706.6641
25499.5547
25386.959
25544.123
25471.0137
25261.4043
24897.9238
24992.0898
24830.7188
24614.7324
24132.2734
23773.4863
23228.7539
22713.5215
21866.4102
20718.9648
19263.1582
16996.123
14370.0273
10967.0137
7202.1919
3922.3357
2166.8494
2169.7876
4058.0068
6603.0137
9466.9521
12209.2607
14170.7539
15810.4863
17040.5957
17897.1094
18523.3086
18739.9375
18720.3145
18665.4043
18036.5
16973.0762
15704.1641
14227.377
12680.2676
11993.4727
12926.8291
15402.0205
18099.2324
20199.9512
21822.8418
23124.4453
23754.7676
24373.3008
24818.5898
24884.2734
25237.6172
25142.7461
25166.582
25483.8906
25403.582
25405.7188
25565.5898
25651.3086
25410.4512
25708.5547
25692.7402
25704.9102
25823.8281
25566.918
25769.418
25789.0078
25691.459
25722.1504
25687.2188
25765.7949
25992.582
25794.5547
25921.0684
25903.1504
26039.8418
25903.1582
26000.2324
25891.459
25861.5273
26081.4863
