21942
23530.8965
21429.2598
20951.4844
20048.4629
19328.0469
18440.8965
17912.666
17093.5625
16545.1562
15836.7607
15331.7969
14691.1768
14176.3486
13671.6455
13103.8643
12659.9219
12163.4844
11730.3486
11302.458
10848.0107
10524.2812
10063.208
9721.6982
9400.1201
8979.4424
8711.9688
8340.3857
8045.7085
7748.3491
7461.5991
7209.875
6897.021
6695.4531
6430.229
6167.229
5966.6147
5731.7656
5559.9741
5321.3804
5114.229
4929.8696
4768.0522
4598.1147
4437.2188
4281.5991
4127.9585
3953.3906
3828.875
3679.625
