21575.7344
23095.8145
20735.8594
20266.9766
19040.6719
18441.3848
17285.5371
16792.3789
15775.6777
15194.5479
14456.3672
13829.6494
13163.6211
12590.3223
12014.7686
11467.1582
10925.7852
10447.4912
9948.1074
9529.4971
9090.1299
8694.3447
8307.1465
7903.1865
7568.8081
7179.5195
6896.4463
6552.6328
6239.9604
5969.6553
5713.938
5431.1411
5192.1074
5002.0454
4766.3276
4502.6216
4320.2939
4124.4126
3950.8135
3776.9832
3606.5593
3440.4802
3274.2993
3115.4746
3016.3108
2841.6836
2736.4746
2612.887
2492.8757
2375.2993
