26472.3086
25392.4043
25254.6152
25051.9609
24926.5254
25047.1797
25003.0391
24973.8848
24872.2188
24996.9551
24917.8652
24846.1914
24588.6914
24702.3262
24583.6992
24718.8398
24769.6035
24799.6035
24698.0195
24634.5
24584.7695
24462.1406
24407.084
24357.2812
24169.4043
24112.1035
24110.5703
23829.6094
23920.9609
23602.6992
23423.5703
23027.1914
22555.084
22120.6152
21453.4805
20416.7051
19291.7441
17511.6797
15194.8848
12042.2568
8446.3721
4934.3013
2439.3462
2059.9551
3642.532
6456.4038
9157.1924
11210.5957
13168.4043
14594.7051
15617.5381
16403.166
17132.1602
17408.1797
17496.0059
17413.5645
17435.75
17404.2109
16871.4414
16503.6348
16308.167
16366
17023.7109
17792.8789
18679.8711
19936.8145
20889.5762
21626.3965
22384.5703
22621.1094
23318.2109
23661.8789
23856.7441
23895.9941
24112.2441
24155.3965
24492.0898
24609.7441
24371.9238
24731.4805
24738.2559
24806.7559
24929.8457
24735.5586
24674.8262
24946.5137
24996.8086
24836.3652
24791.9238
24854.7188
24861.666
24999.334
24950.4297
24972.7305
24768.7441
24796.5137
24913.6348
24962.2051
24786.2891
24888.666
24876.6992
24940.2305
25079.1855
24792.3008
24866.1855