27543
26052.3398
26033.666
25789.6348
25485.5645
25358.9941
25611.5
25349.9688
25444.4355
25394.1406
25443.0508
25464.2441
25277.2305
25307.0391
25172.334
25240.9355
25348.6406
25061.9297
24909.1406
24995.3906
24888.8145
24713.7812
24754.6406
24531.9492
24415.1465
24071.5312
23754.7891
23513.4414
23129.6914
22496.1797
21975.25
20913.4609
19734.7891
17906.0586
15556.5195
12833.4551
9223.0195
5679.9937
2786.9487
1467.3718
1942.7885
3729.0063
6229.4741
8581.0898
10693.833
12525.8975
13943.0518
14839.5068
15707.3271
16136.25
16399.7559
16467.8262
16282.8594
16007.2822
15223.6982
14573.2432
13856.7881
13472.1475
13631
14412.5381
15939.6348
17846.6543
19800.5391
21074.9355
22032.5586
22851.4746
23566.5449
24199.2891
24381.4746
24515.5957
24759.3711
25159.8008
25097.1602
25353.4941
25238.8711
25482.5449
25606.834
25609.9863
25592.9492
25454.084
25580.7891
25781.6738
25846.7363
25829.4297
25684.2812
25677.2441
25682.3203
25764.4414
25595.3711
25668.7559
25721.6738
25865.3789
25746.5059
25755.1465
25749.5957
25707.3398
25706.2559
25664.3789
25808.416
25645.4043
25646.4746
25854.4805
25914.9805
25767.5762
25540.3535