25302.5703
24098.6094
24031.627
24102.6328
23665.4414
23665.1758
23672.707
23636.5645
23522.5312
23576.7676
23418.9727
23502.4629
23414.2363
23357.8594
23360.9609
23169.8301
23025.1641
23039.9766
22980.3438
22722.0781
22563.6152
22420.0566
22263.9043
22037.2031
21720.8652
21248.3672
20844.418
20405.0117
19476.4414
18585.3105
17180.6562
15780.3281
13674.667
11238.1523
8222.8867
5458.2544
3033.1526
1779.2599
1507.8531
2296.2825
3694.3333
5478.8135
7063.6553
8648.6387
9873.1299
11045.8701
11716.0283
12340.4346
12649.667
12708.0508
12716.4238
12548.3105
11920.8701
11373.4014
10687.5596
10207.4912
10007.8867
10352.1865
11669.8584
13285.9883
14997.124
16785.1699
18179.627
19389.0176
20393.3555
20967.9609
21578.7793
21991.543
22429.2656
22703.6445
22776.373
22981.543
23134.0117
23325.6152
23224.791
23455.3105
23413.418
23327.543
23391.209
23414.5312
23503.1582
23565.3281
23437.0117
23531.8691
23499.9102
23612.498
23689.7168
23698.3848
23588
23620.666
23766.2363
23620.7969
23668.791
23715.8418
23698.248
23666.1641
23593.1973
23652.7676
23682.5938
23786.7637
23750.0625
23806.6602
23638.5879
23648.502
23667.4746