24172.7695
23142.916
22922.5195
22851.0449
22676.3203
22579.0195
22525.3848
22592.4746
22665.6289
22557.0508
22509.9297
22569.9355
22503.9805
22395.2559
22443.7246
22351.8711
22411.0957
22397.5586
22439.8848
22284.6289
22251.6348
22150.0254
22050.2363
21930.8711
21744.1465
21598.1914
21514.1602
21359.3203
21298.7695
20908.1738
20375.4297
20163.8203
19451.7441
18683.8965
17314.5
15933.3721
13762.2432
11197.6475
8241.7627
5246.3076
2789.5193
1792.8334
2464.5063
4334.0063
6448.7241
8556.9482
10194.4043
11703.2822
12817.3271
13619.417
14158.1602
14728.6924
14823.2373
15024.3145
14936.3779
14855.3076
14769.4678
14260.9873
13975.7627
13933.583
14130.75
14876.3398
15828.1729
17042.1035
18042.9355
18805.25
19680.7051
20290.334
20678.7051
21164.4805
21475.8086
21655.2363
21825.3789
21950.1543
22214.5957
22251.1406
22330.4746
22325.9297
22321.0391
22518.1152
22490.0195
22459.334
22594.1289
22680.1094
22573.5195
22608.25
22685.2051
22716.2051
22702.8008
22582.7441
22755.1035
22537.166
22588.9297
22752.5957
22624.0059
22719.3262
22768.3145
22787.2891
22651.7695
22815.9492
22773.8906
22753.5586
22691.834
22764.6035
22747.7441