27144.0957
25843.6387
25827.7852
25737.4297
25667.3047
25434.0742
25430.9375
25205.5312
25450.1133
25291.1816
25135.7402
25129.5645
25120.1074
25192.125
25168.084
24961.1074
24960.3906
24899.3848
24820.3496
24777.707
24611.875
24414.1523
24230.7344
24031.3672
23839.8926
23549.4355
23078.4355
22826.125
22312.2598
21371.3555
20711.582
19444.2266
17707.2148
15773.915
13239.6553
10297.9268
7074.373
4079.853
2020.2317
1649.6045
2267.9377
3909.7854
6124.8247
8115.4858
10075.2148
11614.6387
12755.1357
13605.085
14477.4297
14687.1865
15052.249
14823.2656
14527.4746
14032.8535
13461.2031
12772.0283
12132.0732
11838.3896
11971.4688
13414.8418
15237.9609
17179.8691
18906.3105
20362.7637
21382.1191
22385.791
23129.248
23680.4922
24080.8242
24197.1699
24603.6055
24859.7402
24831.8242
24891.373
25211.752
25196.3906
25302.8984
25221.3047
25183.0059
25316.8867
25120.334
25358.1758
25464.2832
25445.7109
25396.7461
25494.5195
25342.3223
25463.0449
25437.3613
25421.418
25499.8418
25560.5879
25564.5078
25472.0332
25576.7676
25563.5195
25680.752
25656.0684
25523.5938
25656.3613
25682.0234
25475.2422
25605.5762
25727.1758
25640.1816