25687.8262
24504.9277
24521.75
24411.8555
24167.5488
24167.9375
24097.207
23840.4277
23930.8223
23847.6738
23684.957
23789.5391
23702.582
23481.3555
23542.3223
23530.0332
23348.2109
23403.5625
23350.168
23212.7891
23020.4277
22862.2266
22536.6777
22487.4766
22098.7637
21739.9902
21049.7266
20588.543
19953.0918
18893.2832
17896.3516
16353.5293
14568.8555
12296.6396
9846.1924
7386.2549
4791.2114
2978.1924
1847.274
1647.9663
1934.1394
3116.7932
4389.144
5855.3799
7228.5864
8541.4043
9593.3604
10456.0723
11026.8125
11382.418
11380.9521
11235.6201
10949.1055
10443.625
9514.9229
8841.125
8011.0527
7626.5049
7731.4761
9199.7451
11123.0674
13354.9951
15652.7744
17355.3711
18736.3613
19876.5137
20762.9414
21554.0195
22119.4805
22199.4375
22699.5293
22949.3223
23248.3125
23291.4766
23420.8262
23630.5195
23649.0293
23767.582
23902.4082
23910.8711
23878.7695
23892.1016
24074
24074.4805
23939.0664
24041.957
24048.6152
24105.6211
24017.7266
24128.8516
24198.9082
24326.293
24084.6289
24172.4043
24210.3086
24290.1348
24323.1543
24286.7988
24145.1289
24253.4414
24233.918
24185.2891
24200.6289
24187.4766
24180.3359