23714.3555
22679.1289
22730.3945
22743.875
22224.6211
21999.9473
21960.7539
21820.5195
21766.6289
21693.5293
21705.8555
21866.6211
21785.2109
21796.9609
21708.6836
21398.3555
21372.7305
21275.5859
20950.1016
20892.7109
20570.8418
20380.6582
19900.2598
19475.9141
19076.3086
18617.332
17918.2988
16968.1055
15698.793
14315.5381
12713.1396
10805.4424
8605.1396
6467.3315
4453.6538
2954.0239
1867.3221
1687.8365
1870.2115
2467.8413
3606.9614
4599.3462
5810.8848
6873.5962
7760.6348
8455.8896
9085.2021
9410.0332
9487.3701
9480.4082
9094.9902
8878.2168
8313.2168
7552.8125
6982.9712
6674.875
6715.4521
7635.7021
9118.9277
11014.7744
12802.9043
14784.2305
16251.5625
17473.3125
18352.5234
19355.4961
19937.4863
20368.9707
20639.2734
20908.2363
21343.3711
21336.0391
21374.4141
21419.2012
21555.0625
21756.3984
21866.6348
21659.5723
21679.918
21716.4707
21731.918
21804.9238
21877.6582
21879.8555
22065.1113
21962.293
22159.5859
22063.293
21976.0234
22043.4082
22165.7832
22112.2695
22299.9375
22320.0723
22308.0586
22327.1055
22364.7266
22168.7363
22424.25
22411.5195
22336.457
22325.3945
22446.543
22397.5859
22415.4277