24546.9609
26854.2266
23683.6387
23295.7109
21775.2891
21021.6328
19769.7637
18933.0449
18023.9551
17161.3848
16317.3447
15622.2715
14830.7061
14098.2031
13472.1865
12873.0225
12175.0449
11617.7178
11145.333
10533.9717
10103.9492
9586.7119
9107.3506
8693.2656
8282.5254
7881.9775
7494.1074
7171.2993
6847.7402
6509.4409
6190.271
5926.6948
5593.5479
5367.8813
5140.9492
4889.6895
4649.8135
4430.2769
4210.6499
3994.7458
3804.4407
3665.8306
3481.1978
3301.6101
3173.6724
3023.6553
2851.5142
2727.1694
2590.5762
2490.8362