22151.4512
24146.5527
20862.8477
19975.3672
18435.7344
17462.9824
16042.8643
15233.5479
14049.3506
13264.3838
12341.6719
11534.0117
10823.249
10037.9658
9442.9775
8842.5762
8215.0449
7744.6895
7181.085
6728.8926
6345.356
5906.085
5535.915
5099.7515
4825.2769
4541.2432
4153.6665
3975.8701
3646.7627
3448.3333
3224.0339
3028.8701
2840.175
2609.2146
2427.4971
2313.1582
2114.8418
2023.356
1869.6724
1776.1187
1687.7231
1530.9886
1469.2712
1353.3955
1263.5649
1181.1412
1108.1752
1060.6949
1013.1243
948.6893