23186.8086
21982.8457
21717.2305
21503.1738
21297.6445
21430.4707
21636.1445
21699.7793
21686.0664
21542.5859
21466.6348
21527.5391
21636.8164
21473.5488
21757.1348
21589.6738
21738.7305
21767.7109
21818.3652
21824.7402
21893.9336
21983.2793
22158.5098
22018.4707
21982.8262
21995.2988
21756.4805
21839.5664
21826.0859
21851.9414
21851.8262
21820.3945
21982.3652
22046.4902
22023.4336
21955.9805
21945.0195
21789.2207
22056.1738
21890.3457
21972.4707
21888.0195
21887.8457
21731.7793
21685.5098
21568.1055
21466.2598
21376.7988
20882.6738
20733.1641
20113.4414
19448.6914
18233.4512
16661.9512
14171.0195
10727.8457
6898.4614
4295.7114
3698.0864
5379.4038
8263.8848
11688.8076
14201.9131
16290.2119
17756.5
18693.2695
19189.3652
19857.0293
19917.2793
20416.4512
20427.6348
20313.4238
19897.9609
19587.9043
18811.8652
18045.2598
17317.8457
17464.5293
18282.6348
19441.7109
20447.0586
21105.1914
21642.5195
21946.6543
22114.1914
22328.4238
22501.0391
22300.7793
22454.2891
22450.6641
22339.3164
22443.2402
22541.9141
22230.0762
22380.2598
22574.9609
22609.7305
22706.2598
22498.9336
22339.1914
22254.2988
22208.4336
22506.8086
22449.8457
22390.9609
