21410.3008
19769.75
19745.9746
19835.6914
19789.3398
19815.2949
19654.0449
19708.4609
19731.1855
19787.1738
19950.8203
19792.4609
19776.5254
19711.1602
19969.2051
19934.1094
19865.4609
19903.7949
19768.2246
19834.9102
20044.7188
19797.5898
19780.4414
19943.7109
19955.1797
19752.9941
19995.7559
20008.4414
20065.1738
20136.5957
20038.8848
20075.6035
20111.6465
19815.7363
19954.8535
19886.1602
19728.8652
19933.9297
19978.0586
19845.0449
19821.7246
19678.2109
19671.4043
19654.1914
19380.5
19168.6211
19056.7559
18625.1797
18313.0254
17570.1797
16812.5449
15577.7178
13910.6152
11481.6221
8662.4873
6172.064
4613.1348
4542.1475
5747.814
7466.6216
9537.2373
11307.7695
13281.8525
14607.4678
15824.1475
16661.416
17328.3594
17744.6465
18084.1543
17889.0898
18044.7363
17569.0391
17050.9238
16308.7568
15778.9424
15620.6279
16260.2627
16848.5449
17556.3711
18216.9355
19076.4941
19760.0957
20106.4238
20580.7441
20568.0762
20783.8262
20853.8789
21066.1152
21076.3789
21002.6797
21142.6152
21402.3535
21208.1914
21334.4688
21317.6855
21101.9609
21280.5059
21172.1152
21127.9238
21310.3203
21389.9492
21339.6855
21348.5703
21084.1094
21266.7441
