23433.0137
20764.2188
20687.1348
20698.0703
20401.8457
20408.1348
20352.6543
20355.0391
20384.4746
20392.8906
20416.3848
20407.7559
20508.5391
20257.6797
20321.9297
20462.4297
20161.0898
20389.7188
20292.7363
20145.4238
20140.4355
20175.1797
20191.1465
20236.0312
20246.8145
19983.7812
20156.4414
20305.8086
20174.4551
19948.6152
20013.4492
19880.9688
19782.5254
19523.0449
19577.4805
19290.0898
19081.1992
18751.9355
18364.834
18012.916
17347.6602
16517.1465
15315.7305
13573.0771
11074.8906
7979.3975
4682.3271
2393.6155
2132.5
4022.8398
6574.7627
9170.8721
11463.7246
13365.3271
14655.7695
15602.3779
16437.7891
17089.8457
17291.8535
17521.916
17671.6094
17650.5195
17316.3594
16823.3906
16008.9619
14883.1152
14163.667
14459.1279
15748.3203
17053.6992
18137.7754
18796.9805
19455.666
19770.1211
19981.3965
20191.0957
20384.4414
20364.1738
20555.7891
20381.9688
20546.0137
20451.5
20363.3086
20610.666
20530.3848
20481.6211
20712.5391
20617.1094
20599.1152
20602.9414
20569.7188
20769.9746
20661.2559
20783.3965
20787.7891
20854.9863
20746.7637
20670.3711
20860.1738
20825.0312
21033.7441
20986.9297
20829.8848
20857.2812
20877.7559
