21347.2637
19179.75
18914.7695
18649.9102
18443.7363
18401.8203
18434.5137
18723.7559
18645.834
18625.5391
18460.9609
18526.8711
18390.7637
18459.3203
18468.4238
18482.1406
18334.1152
18325.334
18355.5195
18498.75
18375.3008
18356.084
18318.8652
18276.3008
18184.3906
18192.7949
18181.2695
18141.0391
18009.5508
17867.8594
17830
17842.1289
17829.3652
17716.9609
17458.166
17343.5254
17235.8398
16805.3906
16479.8145
16017.6602
15163.8721
14292.2246
12726.4229
10743.2822
8295.9746
5384.5127
2956.4038
1899.3782
2183.9038
3778.3975
6027.2178
8237.6729
10056.1982
11615.1729
12820.2568
13779.4746
14401.9482
14892.1279
15188.3721
15347.5645
15301.3906
15331.7051
14913.2305
14129.9229
13085.0771
11958.8721
11555.0703
12460.1279
14010.3652
15389.0957
16475.8086
17342.3789
17521.9688
17822.8965
18006.334
18225.2305
18132.1602
18275.8789
18142.1348
18177.8535
18231.0762
18383.3535
18359.3398
18531.2812
18483.2754
18597.7754
18386.0449
18623.6406
18638.5586
18563.6797
18601.5957
18383.6602
18449.2305
18525.4863
18532.5898
18493.3594
18637
18685.8789
18600.3262
18462.9746
18501.2695
18553.0508
18548.5449
18528.666
18498.9609
