23214.7285
21016.1816
21037.0547
20710.8184
20586.6738
20518.0234
20434.1094
20524.7051
20503.416
20327.8789
20489.3125
20326.7598
20436.6152
20404.6504
20385.4707
20242.4336
20206.7539
20200.5234
20089.8262
20100.2539
20056.8984
20015.0488
19944.7891
19859.5488
19808.6738
19780.7598
19612.4395
19419.4707
19148.2285
18988.4629
18674.8262
18234.0059
17883.7773
17104.2949
16219.7646
15214.8252
13593.9883
11681.0303
9132.7773
6360.4399
3839.5
2245.8977
1677.0602
2418.0603
3806.8977
5725.5664
7793.6807
9792.1748
11563.1504
12881.5361
14048.2529
14903.1807
15551.6631
15865.1143
15960.9941
15953.5967
15768.4092
15130.7051
14108.9639
12653.2715
11704.5244
11837.0723
13395.1865
15388.6992
16833.2656
17970.4277
18674.0059
18962.8496
19525.0605
19634.6016
19827.332
19832.0059
19897.6992
19798.7285
20047.3555
19998.3848
19824.373
20149.2773
20000.7109
20010.8555
20058.4766
20014.3984
20089.8613
20139.8848
20295.8066
20009.5117
20151.6094
20184.832
20017.6445
20452.8789
20301.4453
20253.1445
20301.7051
20228.0605
20283.0898
20417.9766
20319.5547
20492.8555
20507.9883
20406.2832
20406.1152
20391.4043
20511.0371
20472.4941
20521.7402
