21560.0898
19635
19525.0957
19556.1738
19347.1934
19344.1094
19353.7344
19351.9395
19620.6152
19419.3066
19217.2285
19252.6152
19236.4453
19060.1094
19258.3262
19189.6328
19033.3008
19133.7539
19037.8789
19065.8008
19049.1738
19145.6387
19035.0664
18926.4824
18973.584
18714.1992
18579.9395
18500.9277
18323.7285
18513.4453
18001.416
17872.2891
17381.9043
16966.3438
16504.8496
15562.7354
14656.2529
13267.3252
11541.1387
9355.416
6893.6265
4378.1987
2356.1445
1639.1326
1756.2108
2648.8071
4237.7529
5903
7789.8735
9637.9277
11049.542
12349.3555
13187.8438
13859.1631
14422.6445
14800.4814
14613.5967
14384.0605
13944.3008
12979.6689
11693.9336
10245.9883
9504.4277
10454.5059
12758.1807
15010.916
16475.9395
17435.7715
17745.8672
18108.1738
18370.8555
18528.0898
18577.7949
18696.5664
18676.2891
18882.8438
18968.1016
18810.8789
18683.7168
18611.2051
18550.4277
18787.6094
18612.3848
18901.3613
18880.6387
18756.7598
18746.4336
19111.2109
19050.6445
18804.0059
19126.1016
19072.7461
18971.3672
18792.0234
18830.9219
18837.5371
19123.8613
19126.3008
19077.543
19047.2227
19023.4395
19024.084
18613.7715
18774.0117
18951.0605
