25295.4297
24148.0527
24149.4297
24020.2246
23927.2578
24006.9199
23988.1992
23977.0137
24115.6035
24090.2656
23991.2129
23839.3105
23912.3633
23939.8281
23761.2656
23829.1055
24011.1465
23980.0391
23945.1914
23779.5625
23914.0664
23694.1797
23660.2129
23737.4297
23830.0469
23698.2246
23682.1582
23566.9004
23816.0918
23597.5898
23411.2324
23426.6426
23388.9336
23390.1055
23376.2852
23143.4707
23236.7012
23042.5234
22870.6621
22646.0059
22280.3105
22066.332
21778.2578
21015.7949
20211.9277
19120.1992
17453.2578
15146.9736
11865.5693
7943.4438
4323.437
2608.6489
3587.9204
6570.3179
9720.96
12672.2383
14892.0791
16634.8809
17617.9727
18441.9082
19139.9668
19544.4434
19490.709
19600.5156
19480.7754
18980.291
18329.9805
17674.6895
16613.7422
15850.8809
15874.0859
16706.4238
18028.1523
19720.377
20753.6289
21464.5625
22441.7559
22771.5039
22960.2773
23110.1582
23178.4434
23304.8281
23429.543
23628.1191
23402.4766
23715.9668
23692.457
23578.4766
23605.5039
23642.5039
23786.8867
23811.8477
23770.3184
23736.2051
23694.0859
23790.6367
23876.7812
23756.291
23785.0996
23867.623
23837.3047
23900.1992
23987.4902
23877.9199
23794.2656
