25484.9238
24616.8555
24427.9785
24230.4238
24575.7266
24322.2461
24433.4922
24460.7734
24372.0898
24531.5215
24447.2598
24513.6172
24354.6035
24283.0898
24426.0684
24442.9648
24379
24286.8418
24467.8496
24588.377
24261.6367
24393.1504
24428.0078
24253.8828
24256.7598
24028.2129
24272.3418
24198.0488
24162.2402
23904.8906
24017.0352
24011.4102
23859.6992
23788.7539
23737.8145
23859.6719
23737.3418
23626.5
23336.0215
23328.9375
23005.4102
22610.2734
22118.0957
21673.3555
20808.1094
19679.877
18262.918
15931.7188
13003.8701
9504.0889
5864.7192
3245.1028
2865.3699
4808.7056
7985.6304
10980.041
13468.8838
15352.3496
16800.2129
17859.6777
18596.123
19048.0762
19361.1367
19337.6777
19114.8906
18801.7188
18393.0957
17214.082
16184.5615
15274.8906
14963.7119
15561.3838
16859.1582
18618.7676
20023.2598
21311.0547
21922.3008
22570.0684
22971.3906
23253.0547
23575.8359
23808.6719
23682.6504
23646.0547
23933.6035
24015.3906
23931.082
24086.2539
23962.582
24033.6641
23976.5078
24119.2676
24065.8691
24096.7539
24371.3906
24187.2949
24141.623
24280.5137
24352.6094
24289.2266
24198.9316
24296.3555
24158.0488
24351.8633
24203.8086
