26662.5684
25546.3496
25691.2188
25534.6777
25400.2188
25408.041
25456.3828
25353.4727
25532.4316
25489.7598
25472.5215
25100.3691
25383.2402
25389.1719
25261.2812
25147.2871
25497.3281
25317.0957
25221.5898
25114.8008
25234.4512
25179.1914
25165.8223
25140.3281
25128.6855
25088.6445
24954.8281
24757.0957
24917.0625
24654.0684
24427.1367
24332.918
24155.541
24049.5352
23548.5957
23256.2129
22708.3223
21950.7676
20864.9102
19650.5273
17774.1035
15227.1846
11920.2881
8084.9385
4405.4453
2173.1987
2231.3081
4260.3149
7174.144
10217.1846
12749.2949
14830.9795
16341.3838
17535.9785
18322.7402
18718.1992
19112.9238
19193.6172
18917.2871
18255.5215
17630.7461
16540.4922
14957.5342
13472.8975
13006.6504
13828.459
15905.5
18277.3281
20239.9512
21770.1855
22759.3555
23315.7598
23773.1582
24132.7461
24368.8555
24420.2949
24600.877
24781.6504
24834.7598
24701.9453
25058.623
25037.2402
24828.0898
25147.5137
24882.8496
24953.0215
25069.0215
25080.1035
25191.8008
25226.8418
25027.6094
25121.7129
25272.8359
25263.2676
25277.4238
25236.459
25482.2129
25287.1582
25277.0684
25406.9238
25559.3828
25199.377
25452.8145
25481.2539
25265.1719
