25473.0898
24410.0293
24409.3496
24217.416
24095.7832
24115.4707
24182.1562
24138.6738
24330.5117
24230.5664
24291.3379
24345.168
24126.3984
24135.7168
24102.2344
23994.6738
24120.2773
24136.1016
24064.3184
24039.1992
24127.3125
24041.1738
23649.2285
23717.0293
23752.416
23598.3496
23534.1738
23413.2168
23209.0176
23036.4512
22655.6621
22534.5234
21951.0371
21551.6094
20849.2109
20098.2773
19038.5
17608.668
15559.2715
12920.2109
10016.7588
6559.0664
3640.2168
1875.4036
1654.6326
2954.1626
5036.5781
7390.4941
9656.5664
11628.3857
13393.4219
14406.584
15231.2109
15975.0723
16204.5664
16336.6807
16080.5723
15707.5186
14807.3438
13554.6992
11916.0244
10521.0361
9729.4941
10179.2773
12525.2832
15100.1201
17418.6016
19282.0059
20618.8184
21482.4395
22104.9219
22660.7051
22720.8184
23028.7832
23197.2051
23371.5234
23372.8379
23473.5605
23505.3613
23547.5293
23598.9824
23589.8848
23537.0234
23663.5371
23871.084
23802.2109
23909.0234
23794.1094
23815.6387
23819.8496
23739.8008
23781.0293
23836.0723
24071.1992
23905.2715
23837.3496
23960.2168
23988.4629
24022.4707
24204.3496
24169.8262
23902.7715
24070.6504
24174.873
23960.9395
