24847.832
23710.168
23843.0234
23614.2344
23402.1934
23565.1621
23578.9219
23309.4219
23419.0605
23446.6387
23313.8262
23255.6445
23375.4219
23234.3438
23137.8379
23199.5547
23338.3438
23314.8438
23110.4629
23051.3848
22919.1094
22974.4707
22995.0117
22802.9629
22809.8672
22640.0176
22532.3906
22310.8613
22026.3613
21775.4453
21303.5664
20829.543
20247.4941
19485.2168
18220.373
16789.8262
14681.0117
12293.7412
9326.1865
6053.3135
3405.6145
1797.3976
1722.6145
2973.8916
4779.1504
6949.2227
9189.8496
11126.8672
12663.9092
14087.5186
14956.2412
15593.9219
15853.2227
16024.7832
15895.873
15367.8916
14455.2285
13383.8438
11723.9092
9989.9521
9055.8857
9723.7471
12042.7529
14743.2646
17424.5664
19080.6621
20307.0781
20996.9336
21622.7773
22106.668
22343.4766
22517.4941
22417.6992
22667.3125
22839.6816
22821.0176
23044.0176
23030.4219
23124.6562
23080.0781
23219.8438
23226.2773
22988.6016
23183.0234
23139.3066
22958.0234
23259.8672
23224.2051
23344.8008
23408.9043
23379.0664
23346.9766
23335.1387
23435.2285
23512.8008
23179.0781
23596.8438
23494.1875
23417.6504
23411.5664
23743.4707
23486.5664
23702.8262
23831.9707
23404.2344
