24193.6445
23290.2715
23083.5176
23191.8984
22898.3008
22746.8848
22989.3262
23016.1445
23000.4512
22867.4277
22950.2949
23086.7539
22807.6387
22768.043
22984.3125
23001.8672
22646.1816
22719.1738
22779.8555
22796.3496
22569.4395
22534.3984
22550.2461
22470.9219
22193.2051
22123.2891
22086.043
21704.6621
21340.9453
21106.7285
20815.9336
20260.6445
19521.7109
18554.0176
17377.0488
15893.7227
13764.4883
11425.9639
8368.458
5452.3135
3022.9819
1738.5181
1604.6145
2608.2349
4209.5361
6263.8975
8093.0483
10028.416
11646.6445
12991.0479
13981.4521
14606.6387
15129.2646
15249.4883
15075.8916
14603.3916
13826.0303
12543.416
11133.6748
9336.3135
8288.2832
8752.0723
11065.1201
14112.627
16617.9707
18440.5547
19631.3184
20671.6992
21237.2344
21461.9219
21771.5
21977.2168
22425.1621
22627.6211
22437.5723
22558.9941
22645.9824
22563.7949
22618.7832
22840.0664
22844.5293
22908.9395
22775.5059
22770.2461
23058.0898
23057.1562
22996.9766
23137.1445
22790.2461
23088
22867.5059
23002.5781
23127.9629
22984.2832
23017.7656
23214.5371
23087.7285
22829.9395
23102.3555
23212.543
23066.1387
23149.2656
23000.5664
23264.3496
23232.0059
