25717.4102
24699.8281
24566.377
24753.3691
24520.5078
24394.0488
24596.7188
24499.5273
24494.4238
24465.6914
24584.8223
24518.4375
24451.3906
24448.3555
24425.3496
24348.8145
24331.2598
24357.7676
24470.1504
24281.9043
24421.1504
24263.9727
24272.8008
24156.582
24233.2676
24297.8418
24243.7402
24186.8555
24165.5957
24164.6992
24108.3633
23932.0137
23802.2812
23803.4238
23600.6855
23500.918
23336.7949
23081.0762
22877.7402
22588.9648
22177.5547
21570.9043
20848.2051
19741.7324
18328.7266
16444.0547
14161.5205
11086.8018
7675.3696
4703.0547
3078.3835
3350.959
5241.4043
7857.6782
10609.7949
12880.3291
14558.3428
15995.0137
16925.1641
17461.9512
18020.2402
18222.6719
18224.1719
18111.6855
17421.4785
16687.8145
15782.4795
14705.8359
14050.6572
14022.4795
15001.877
16538.7266
17993.1641
19681.2734
21029.4922
21791.0078
22626.2734
22885.8008
23406.3496
23539.7539
23706.8145
23795.2402
23800.0957
23978.6172
24259.5
24182.4727
24085.1992
24134.9922
24277.0352
24234.0215
24182.3223
24150.2676
24158.3359
24331.9727
24310.9238
24319.8359
24448.6914
24304.6641
24417.959
24238.4316
24373.8633
24281.0137
24493.959
24409.3223
24416.6914
