26503.8418
28218.6777
25412.7793
25519.9766
23922.3438
23344.8926
22268.3789
21526.6777
20795.875
19884.0625
19215.1816
18573.8535
17693.2363
17237.8535
16501.1406
15943.0391
15378.8584
14757.6953
14295.9658
13651.4805
13240.3506
12768.4297
12155.3047
11841.751
11334.1865
10916.751
10530.085
10132.9326
9811.7686
9361.5879
9028.6328
8797.6836
8335.5137
8164.4014
7795.7231
7552.2827
7190.2432
6973.5254
6766.2314
6446.0679
6246.8755
6018.2939
5757.5591
5563.5986
5373.9663
5178.2261
4990.2544
4769.6836
4664.6836
4420.8359