23518.1289
25340.2949
22070.5957
21540.8652
19794.4746
18890.4688
17655.3789
16716.584
15642.1475
14790.7305
13909.5
13124.4424
12352.9229
11658.083
10930.8203
10376.6094
9702.3721
9189.0957
8621.9873
8158.5449
7693.5
7172.481
6800.5386
6412.8335
6025.6602
5664.0127
5357.8013
5056.0449
4780.7241
4481.5322
4248.3076
3967.8142
3738.1602
3535.7371
3315.0063
3138.3782
2945.2886
2814.0769
2633.9294
2509.6089
2360.3076
2191.9038
2052.1282
1977.3206
1844.1731
1746.0065
1669.6666
1551.3334
1453.1731
1374.3462