24316.7305
23375.8652
23480.416
23176.7949
23290.0645
23043.2891
23133.8262
23329.3203
23223.166
23246.7363
23025.5898
23172.3008
23160.6094
23117.0449
23081.2246
23010.1914
23211.5059
23092.4551
23135.6406
23047.3965
23073.1035
22911.8789
23142.9609
23034.3457
23066.1035
22831.2891
22966.9297
23057.6348
23065.4297
22883.5137
22842.7637
22839.6152
22662.666
22773.6348
22581.9688
22610.1406
22577.6992
22636.4043
22365.4238
22240.2559
22043.6543
21660.834
21367.4551
20868.7109
20174.5
19108.6035
17632.0391
15438.7051
12413.6221
8781.0127
5514.0835
3896.6218
4560.5513
6779.186
9685.1543
12325.1025
14734.7695
16347.4297
17647.0137
18590.1992
19315.9941
19718.4414
20022.0898
20166.7812
20249.8848
19895.0957
19412.9941
18855.0137
17908.8789
17298.2305
17338.0762
17798.1094
18663.5898
19548.5586
20721.2188
21349.1035
21931.2246
22480.0254
22449.4492
22784.3262
22803.1465
22883.7051
23013.4609
23021.7305
22998.1543
23002.5137
23082.3965
23089.2812
23116.5391
23071.8145
23112.9238
23204.6211
23153.1797
23278.7109
23276.8711
23318.9414
23056.3008
23316.5703
23024.9688
23264.3594
23077.7305
23301.9102
23131.2891
23078.1543
23170.9941
