26129.3848
24959.6094
24661.2812
24861.1797
24539.9609
24605.9863
24670.666
24404.4551
24553.3965
24556.916
24611.2695
24584.9355
24512.0645
24358.8965
24374.0254
24148
24232.7695
24170.2949
24183.8965
24162.7559
24267.3594
24144.6406
24178.5645
24021.4746
24098.8535
24005.2441
23876.4492
23536.4941
23566.4688
23449.6602
23254.8262
22892.9492
22696.8457
22344.25
21820.4746
21034.7246
20197.6406
18950.1602
17231.9238
14896.1025
11938.2695
8248.7695
4597.6348
2020.2307
1674.5769
3101.6475
5511.4102
8224.3076
10981.5576
13199.8076
14864.5127
16314.7051
17452.3262
18235.5195
18847.916
19157.6855
19147.4102
18847.834
18355.2637
17501.1211
16080.1152
14329.9229
12773.3018
13062.6406
15045.4482
17519.8789
19914.6914
21051.0254
22224.6992
22761.3398
23109.5898
23545.4863
23674.3086
23641.9238
24006.4609
24012.3711
24140.1797
24024.2441
24190.166
24464.0586
24311.7559
24485.1855
24334.4551
24478.8965
24524.916
24546.4863
24592.416
24485.7051
24584.7305
24690.2754
24916.6855
24616.5703
24571.2559
24618.5059
24760.9688
24726.5254
24571.5137
24575.3789
24638.4492
24672.6855
24630.9492
24498.8008
24462.5898
24809.334
24649.2051
