26255.1328
25229.4414
24878.0156
25114.1836
25121.5215
25012.25
25068.0508
24928.7129
24909.9258
24812.2715
25011.2285
25013.4043
24973.9707
25069.4922
25153.0293
24874.5
24914.2422
24826.6035
24912.6328
24631.1621
24672.0078
24677.5801
24739.1328
24527.0156
24350.2871
24314.1543
24250.3379
24148.3164
23705.7578
23524.5664
23248.8906
23005.1406
22449.4199
21965.6465
20930.5664
19649.9258
17907.7344
15655.1689
12908.6025
9276.9922
5653.978
2963.8162
1650.1985
2301.4631
4278.3086
6805.8164
9464.1836
11910.1982
14385.0293
16139.4561
17506.2793
18342.2949
19020.5801
19374.2949
19690.4121
19464.8242
19094.1758
18256.9199
17088.3164
15271.9482
13367.5146
12826.2578
14471.3086
17446.8906
19855.4336
21535.6914
22746.0156
23385.4629
23864.8457
24253.9844
24350.7129
24157.3535
24512.5293
24872.8594
24577.8086
24784.7051
24592.4922
24895.8965
24868.5293
24990.2793
25055.2793
24825.25
25311.9629
25250.75
25248.0586
25189.0957
24915.4258
25122.2129
25249.7422
25233.0078
25315.5742
25048.2207
25175.7793
25220.5449
25175.2129
25199.6543
25072.4922
25143.9785
25362.3457
25485.1758
25224.3242
25278.3906
25369.5449
25502.2949
25327.4922
