25450.625
24762.8828
24910.8164
24876.0215
24655.75
24524.3164
24627.6836
24551.3535
24456.8242
24598.7793
24192.6406
24286.6328
24235.0078
24284.4414
24093.75
24237.5
24379.3379
24442.8457
24374.2578
24301.2051
24129.0449
23942.2285
24035.9551
24015.3672
24030.4707
23530.4707
23575.4551
23448.1543
23424.4336
23081.5215
22781.6406
22154.6621
21627.3379
20885.5957
20099.0508
18790.9707
17195.7949
15209.4707
12445.4922
9048.8232
5788.9561
3022.1396
1605.3235
1869.3604
3232.7646
5438.625
7676.2793
10122.0957
12381.0664
14146.8164
15872.6543
17007.25
17768.6465
18211.7656
18779.7871
18841.1543
18373.75
17681.9492
16587.3672
14829.9775
12732.4336
11338.0732
12486.7793
15564.8086
18545.3164
20305.8535
21682.7793
22365.8086
22996.8301
23259.1836
23524.3242
23758.0742
23837.4707
23803.9492
24225.75
24119.6465
24288.0801
24321.7656
24128.4258
24354.6406
24349.9922
24569.4258
24228.3906
24257.8965
24306.5293
24404.4707
24456.1992
24489.3379
24251.0449
24449.75
24523.7578
24593.1328
24418.8535
24411.3242
24367.0957
24431.3164
24317.6836
24538.8828
24259.7578
24300.6406
24549.7949
24564.2285
24478.0664
24347.6406
24443.1465
