-55
-53.3333333333300
-51.6666666670000
-50
-8
-7.77000000000000
-7.54000000000000
-7.31000000000000
-7.08000000000000
-6.85000000000000
-6.62000000000000
-6.39000000000000
-6.16000000000000
-5.93000000000000
-5.70000000000000
-5.47000000000000
-5.24000000000000
-5.01000000000000
-4.78000000000000
-4.55000000000000
-4.32000000000000
-4.09000000000000
-3.86000000000000
-3.63000000000000
-3.40000000000000
-3.17000000000000
-2.94000000000000
-2.71000000000000
-2.48000000000000
-2.25000000000000
-2.02000000000000
-1.79000000000000
-1.56000000000000
-1.33000000000000
-1.10000000000000
-0.870000000000000
-0.640000000000000
-0.410000000000000
-0.180000000000000
0.0500000000000007
0.279999999999999
0.510000000000000
0.740000000000000
0.970000000000001
1.20000000000000
1.43000000000000
1.66000000000000
1.89000000000000
2.12000000000000
2.35000000000000
2.58000000000000
2.81000000000000
3.04000000000000
3.27000000000000
3.50000000000000
3.73000000000000
3.96000000000000
4.19000000000000
4.42000000000000
4.65000000000000
4.88000000000000
5.11000000000000
5.34000000000000
5.57000000000000
5.80000000000000
6.03000000000000
6.26000000000000
6.49000000000000
6.72000000000000
6.95000000000000
7.18000000000000
7.41000000000000
7.64000000000000
7.87000000000000
8.10000000000000
8.33000000000000
8.56000000000000
8.79000000000000
9.02000000000000
9.25000000000000
9.48000000000000
9.71000000000000
9.94000000000000
10.1700000000000
10.4000000000000
10.6300000000000
10.8600000000000
11.0900000000000
11.3200000000000
11.5500000000000
11.7800000000000
12.0100000000000
12.2400000000000
12.4700000000000
12.7000000000000
12.9300000000000
13.1600000000000
13.3900000000000
13.6200000000000
13.8500000000000
14.0800000000000
14.3100000000000
14.5400000000000
14.7700000000000
15