25266.6992
24327.3789
24275.6602
24192.1914
24128.4102
23986.4805
24170.7891
24127.7559
23992.7246
23924.2812
23936.0391
23967.916
23984.6914
24023.4551
24071.5195
23956.7246
24035.0137
23972.0586
23818.5137
23858.4414
23874.2695
23923.4297
23787.166
23733.8711
23755.2812
23827.2363
23803.8398
23863.9102
23797.7695
23693.9688
23607.8457
23530.9102
23737.0703
23584.4746
23371.1348
23411.8535
23091.2246
23096.8086
23056.1855
22874.9688
22863.2051
22635.5957
22309.916
21938.8965
21394.5703
20609.8789
19640.9355
18136.8145
15852.1729
12571.1729
8539.3145
4798.1216
3286.8076
4603.8848
7739.7563
11357.4932
14470.1855
16591.0059
18206.584
19292.5586
20102.584
20815.0586
20899.5137
21137.8008
21340
21096.4043
20921.2188
20550.4941
20015.3262
18976.916
18300.3398
18159.4609
18998.3398
20271.2441
21422.6855
22294.2695
22949.166
23229.7891
23415.8457
23704.9863
23700.1914
23757.3086
23931.1406
23962.8457
23956.584
23944.7891
23951.7949
24058.5957
23991.3652
24085.834
24067.5508
24150.0762
24166.7695
24067.9355
24022.6602
24022.25
24050.0254
24095.916
23961.8203
24106.3398
24088.2812
24073.8398
24084.9609
24115.8086
24047.0312
