25584.5703
24458.166
24235.7441
24331.4492
24227.4102
24136.1035
24211.0312
24006.8145
24180.3145
24160.7812
24036.8086
23994.7188
24082.9805
23984.7188
24037.3398
23831.5898
23921.5312
24023.3398
24025.6406
23861.5508
24046.2051
23883.5703
23904.9688
23788.7812
23806.6035
23862.1289
23755.7891
23700.0957
23758.7109
23655.0312
23518.7188
23434.7891
23470.8848
23377.4551
23288.5312
23151.166
22914.3652
22843.7051
22601.2051
22311.6465
21861.5645
21418.4551
20685.0312
19746.5059
18306
16139.7695
13310.4551
9705.7246
6410.2051
4112.1475
4007.6025
5562.5771
8124.8462
10929.25
13328.9551
15430.3721
17008.3398
18106.0137
18878.2051
19452.416
19962.9609
20169.3652
20240.334
20082.8535
19709.9863
18958.4609
17949.2109
16809.0449
16773.4297
17008.1738
17911.2754
19161.0703
20312.0957
21243.0645
22038.0898
22704.6035
23050.0391
23300.4746
23288.7051
23682.4688
23702.7812
23919.1992
23930.8086
23767.0137
23887.8906
23855.9746
23966.7812
23985.7812
23935.9863
24043.7441
24060.5137
24064.3086
24055.2949
23977.1602
24031.2891
24025.1035
24078
23971.6914
24028.4551
24052.7305
24128.9492
24100.2305
24024.7754
24203.6543
24016.7754
