24912.2891
23868.4336
23772.8379
24005
23797.9395
23807.7891
23650.6211
23527.2402
23531.3555
23593.1094
23722.6816
23795.0664
23736.4102
23754.5781
23552.5488
23404.4883
23252.2598
23359.9766
23334.0723
23269.7402
23299.7598
23085.3555
23001.7539
22880.5371
22862.9277
22615.7715
22271.332
22068.3496
21694.0234
21353.0898
20708.5
19929.5957
19173.5
17916.9277
16093.8311
14069.3311
11556.1201
8774.2773
5855.8135
3468.0181
2038.3674
1764.7711
2828.2771
4252.0542
6164.2227
8228.042
10343.7646
12218.7891
13867.5967
14969.3193
15839.2715
16649.373
16947.5605
16999.3789
16746.3438
16174.3857
15185.3975
13495.9033
11777.5361
10339.6631
10868.2529
13342.8672
16196.9336
18535.4824
20166.4512
21258.6328
21939.9883
22495.3555
22637.0371
22889.4336
23025.7832
23115.6738
23427.6445
23466.7168
23509.6152
23446.8262
23421.6934
23514.4629
23681.4395
23847.1445
23843.2461
23630.084
23743.3555
23709.6387
23781.0488
23771.7949
23820.9336
23912.0781
24005.9277
23985.6152
23853.1445
23736.1816
23808.668
23660.3672
23727.0488
23946.5664
23786.2168
23924.168
23831.2891
23954.1094
23731.3848
23917.0488
23850.4219
23949.1934
23968.3906
