28631.156
25319.844
25673.607
25966
25108.314
24920.373
24939.744
24884.275
24692.646
24961.863
24760.117
24659.098
24509.705
24447
24239.529
23831.961
24244.744
24116.744
24121.195
23407.686
23657.039
23800.275
23204.078
22757.137
22779.234
22176.432
21891.412
21630.098
20893.373
20126.666
19728.098
18752
17757.215
16626.234
15322.843
13921.412
11837.98
10846.177
8541.216
6437.059
4956.686
2927.51
2177.823
1815.471
1906.196
2406.843
4069.078
5730.157
6863.51
8480.784
9877.098
11008.804
12356.687
13651.255
14506.687
15468.98
16105.862
17052.588
17945.275
18106.766
18825.117
19117.195
19521.275
19966.863
20473.549
20836.529
20520.195
20710.393
20671.314
20713.156
20874.607
21194.646
21251.275
21364.529
21425.02
21028.156
20814.785
20612.705
20863.176
20946.334
20643.588
20817.766
21377.51
22025.863
22336.98
22740.117
23151.234
23704
23547.117
23988.275
24044.902
24101.451
24320.215
24465.686
24551.805
24927.863
24830.176
24907.373
24784.766
24611.568
24849.607
25071.195
25121.844
25104.824
24486.373
