23382.195
20831.529
21139.275
21181.275
20265.686
19889.883
20054.412
20047.373
19747.725
19567.314
19901.176
20044.059
19502.824
19188.744
19172.646
18432.451
18222.039
18505.256
18172.549
17539.471
17571.961
17162.666
16554.234
15951.412
15535.294
14860.294
13941.687
13286.745
12180.196
10744.432
10262.059
8847.607
7187.431
6085.49
5111.49
3895.353
2817.294
2443.078
1878.882
1984.196
2026.706
2562.843
2979.961
3449.667
4020.039
4892.098
5221.51
6332.392
6928.824
7859.451
8594.667
9022.235
9515.628
10264.823
10879
11297.432
12107.902
12644.588
12879.745
13220.393
13294.177
13740.393
13672.49
14188.98
13949.078
13629.568
13985.843
13486.02
13674.393
13970.235
13415.216
13315.902
13406.51
12931.098
13151.255
12893.706
12946.157
13054.294
14011.235
14521.039
15435.117
15766.549
16860.607
17148.941
18153
18280.02
18716.059
19084.805
19089.805
19480.686
19636.666
19634.49
19950.941
20003.039
19972.941
20534.785
20039.471
20227.295
19976.725
20436.805
20476.234
20253.941
20266.275
20370.902
20044.744
