23068.824
20065.744
20228.785
19979.863
19050.156
19369.098
19263.922
19108.059
18934.156
19044.234
18967.451
18517.51
18689.646
18367.922
18499.334
18701.666
18558
18161.354
17836
18046.137
17729.02
17336.195
17330.844
16949.234
16724.588
16103.687
16115.353
15842.883
15006.255
14499.784
13891.667
13145.628
12409.039
11207.412
10412.883
9318.784
8221.216
7583.02
6235.843
5227.431
4156.667
3379.255
2747.765
2131.823
1931.431
1744.784
1792.922
1814.569
2177.333
2461.569
3122.177
3452.549
3835.216
4500
4771.686
5964.627
5974.706
6701.157
7464.941
7871.686
8678.726
9235.393
9759.177
9693.647
10372.804
10798.961
10999.51
11337.628
11599.177
11616.49
11621.922
11790.039
11644.177
11731.294
11622.862
11685.02
11323.51
11153.216
11123.059
10866.529
10683.765
10431.823
10590.412
11139.726
11688.823
12280.216
13004.098
13968.588
14743.412
15537.216
16178.078
16622.902
16964.785
17375.961
17892.176
18069.137
17774.314
18101.256
18448.354
18162.529
18533.529
18724.766
18938.078
18723.412
19074.902
