23430.529
20982.588
20998.686
20637.883
20236.275
19877.354
19939.334
19734.373
19818.098
19753.705
19590.805
19340.883
19181.529
19033.883
19074.766
19289.549
19013.705
18731.195
18339.354
17965.059
17973.373
17344.646
17334.902
17203.059
16681.529
15894.98
15549.235
14730.412
14168.922
13410.471
12216.765
11503.353
10680
9395.138
8537.51
7469.863
6267.471
5387.431
4338.118
3488.333
2823.784
2364.216
2104.078
1861.294
1775.686
1764.431
2255.157
2204.314
2480.02
3018
3526.412
4177.471
4240.608
4733.902
5605.529
5742.863
6300.353
6891.667
7518.529
7725.549
8776.372
9018.451
9619.98
9571.02
10037.039
10694.353
10748.804
10918.177
10750.765
10715.138
10885.647
11006.235
10795.784
10531.765
10728.235
10460.922
10014.196
10404.471
9969.451
9316.568
9459.726
9907.765
10199.961
11229.687
11894.353
12681.765
13883.138
14749.471
15363.568
16200.196
16697.686
17241.059
17734.941
18075.098
18264.234
18628.705
18711.334
19278.412
19276.666
19090.51
19165.863
19368.373
19579.666
19544.117
19644.607
