23074.0078
24870.541
22348.9707
22967.6211
21422.5977
21212.2637
20482.6641
19788.248
19338.7734
18715.584
18189.043
17735.7363
17075.4453
16744.2266
16138.4668
15795.9785
15264.2627
14794.9639
14474.1748
14017.9932
13673.9707
13271.4521
12836.3799
12545.5039
12124.8467
11804.3799
11525.4893
11093.7959
10897.3574
10517.248
10272.1533
9964
9641.9121
9419.5186
9153.6865
8830.5332
8698.6348
8329.1748
8177.7227
7926.876
7712.4014
7564.854
7217.562
7145.1094
6902.8467
6727.9272
6548.5327
6312.5254
6184.876
5997.1826
