23267.7168
24746.2109
22775.6211
22685.3848
21761
21217.7656
20467.6816
20000.5898
19244.168
18775.8438
18295.4219
17678.0781
17211.7168
16732.9043
16205.127
15845.7109
15235.7051
14957.458
14416.1504
13990.9219
13692.8799
13190.7168
12943.9697
12458.6689
12170.0479
11833.8857
11406.1562
11175.8496
10771.1689
10524.5059
10254.2354
9853.1924
9711.6562
9382.3672
9102.5664
8876.0479
8587.7412
8386.1387
8121.5962
7899.2109
7700.7046
7433.9878
7272.1929
7071.6025
6855.1265
6690.4219
6465.1567
6320.9458
6121.7832
5972.6685
