23502.9219
24885.8066
22902.0723
22710.6191
21821.5938
21137.5938
20503.125
19856.2402
19351.5723
18762.4434
17993.9277
17719.3496
16951.7246
16617.4219
16062.0674
15509.5518
15204.2705
14551.8594
14274.8438
13781.6768
13307.5205
13084.8076
12506.8486
12301.667
11834.8594
11457.542
11249.2393
10777.9219
10569.3232
10250.5986
9872.0576
9680.9424
9209.792
9118.8125
8754.4375
8547.2656
8302.0518
8018.1147
7832.4741
7580.125
7338.3647
7178.8125
6886.021
6731.2344
6502.8022
6314.8438
6142.25
5966.4321
5839.1978
5596.1147
