22423.3145
24397.9785
21795.8633
22062.4102
20633.7402
20295.9512
19485.3633
18784.918
18246.0215
17565.041
17054.6582
16485.9863
15911.8975
15456.918
14861.959
14481.9932
13889.1162
13503.623
13024.6982
12582.377
12257.1504
11745.4248
11461.6982
11069.7539
10650.7188
10371.4385
9978.7461
9689.418
9397.9453
9040.3154
8828.8223
8458.9453
8233.7539
7995.5547
7705.959
7481.9248
7204.1851
7028.8906
6755.2124
6555.8906
6342.9932
6117.7671
5941.3286
5745.3491
5570.6577
5386.856
5223.3286
5047.9316
4841.3286
4758.7944
