21612.3848
23391.5312
21141.3281
20958.3965
19957.875
19358.7344
18508.166
17982.3125
17224.7656
16634.4785
16065.4424
15543.3643
14919.0361
14454.7236
13876.9014
13455.7549
12896.5781
12488.0986
12037.4111
11618.1719
11226.625
10797.292
10442.2188
10064.0312
9698.208
9419.1143
9008.6611
8728.1045
8395.5625
8117.5679
7849.6719
7551.9531
7283.2397
7066.1772
6771.0991
6559.3696
6319.2915
6089.5054
5900.0054
5707.2397
5508.3228
5313.5103
5098.3022
4960.9478
4771.0522
4592.7134
4425.8853
4290.9321
4133.2812
4002.6719
