21414.3711
23087.8086
20495.0254
20416.5957
19018.5391
18456.834
17575.6914
16778.0762
16177.7051
15381.5703
14838.8906
14132.1855
13559.2568
13066.7051
12361.9746
11967.8018
11353.5957
10965.6475
10460.4297
9988.3779
9666.4873
9152.9229
8834.9043
8508.2178
8042.1348
7796.5962
7406.8975
7141.0576
6807.5576
6560.1665
6280.5576
5978.4551
5808.7241
5506.4487
5264.8271
5068.6602
4816.981
4651.7241
4439.7563
4248.5835
4130.0513
3888.2051
3747.5898
3549.3076
3423.9294
3287.1794
3161.6667
3037.8589
2886.8462
2755.782
