20383.6445
21352.4473
19409.7344
18546.6445
17430.8984
16659.8086
15441.2939
14946.0166
13989.8643
13316.6494
12604.5195
11887.4629
11365.0449
10661.9717
10213.3281
9620.1641
9138.6162
8709.3838
8198.1699
7858.3501
7382.4126
7047.0112
6702.1807
6302.1523
6033.791
5664.8589
5403.5254
5145.1865
4863.8022
4642.644
4366.147
4163.8701
3940.1921
3725.6272
3570.9436
3340
3191.1582
3023.9832
2879.9097
2737.531
2573.5142
2476.7231
2347.853
2229.1018
2110.4575
2002.3446
1897.0339
1796.9209
1733.5424
1617.7231
