25169.1465
27528.6992
24621.2637
24895.9043
23365.4238
22852.3906
22109.8965
21224.0449
20704.9102
19845.334
19235.5957
18677.6094
17853.9941
17480.3848
16825.6035
16298.583
15772.7305
15189.8906
14799.667
14192.3271
13707.9932
13393.8848
12807.0898
12516.4678
11962.4619
11633.9229
11308.2568
10836.2881
10619.9424
10161.6094
9865.0771
9585.2178
9183.3779
8962.5576
8593.8076
8401.4805
8062.231
7819.186
7610.4424
7307.814
7050.6602
6902.8848
6612.3525
6470.7051
6205.5063
6056.0962
5810.6152
5638.0835
5508.3848
5277.3203
