23754.5312
26785.3145
23334.5586
23592.2891
22195.084
21464.9688
20801.5391
19795.6152
19164.5957
18425.6797
17677.1348
17095.6992
16375.2051
15947.1729
15175.0254
14706.8398
14194.8906
13525.5195
13154.2881
12640.3975
12184.4873
11735.2305
11236.2568
10885.4424
10445.25
10091.4746
9734.1924
9329.7119
9026.5518
8672.9678
8348.7754
8047.9614
7738.3784
7525.5962
7194.4487
6910.3013
6733.7563
6409.1025
6224.1602
5960.2373
5752.0259
5609.8203
5339.6665
5196.8716
4942.9873
4809.5962
4621.4229
4439.6284
4291.3398
4134.75
