23104.6445
25821.7832
22332.5547
22135.4219
20772.4336
19750.7051
19021.1621
17914.3184
17159.8379
16361.8857
15553.2227
14922.916
14077.1025
13584.0908
12815.1807
12274.9395
11731.8916
11090.1143
10636.0723
10138.1562
9654.584
9238.7773
8758.5723
8417.5361
7948.3613
7627.8315
7296.2891
6896.542
6617.2349
6290.0542
6008.5664
5718.5122
5418.042
5208.6626
4976.271
4749.7349
4509.1025
4279.6445
4106.729
3906.271
3726.6868
3578.5061
3370.6626
3301.988
3091.2349
2930.6807
2829.2048
2678.8193
2556.6567
2416.1807
