30198.162
27819
27708.709
27741.033
26734.322
26689.902
26753.549
26439.098
26737.227
26583.967
26017
26260.258
26271
26208.773
26038.549
25697.098
25474.549
25552.871
25072.193
25041.451
24711.322
23993.902
24083.613
23436.807
23000.936
21916.709
21461.709
20263.098
19335.227
17871.773
16312.451
14209.678
11984.581
9578.354
7007
4493.677
2799.581
1680.548
1450.484
2778
4052.871
6088.226
8282.549
10138.517
12081.354
13667.322
14990.581
16518.936
17731.451
18525.227
19237.645
20331.807
20896.42
21313.258
21807.936
22255.291
22761.902
22837.162
23396.227
23560.451
23777.58
23711.258
23768.258
23610.678
23970.838
23758.227
23771.258
23848.58
23765.387
23640.678
23686.645
23292.129
23171.58
23194.193
23034
23159.42
23683.064
24110.709
24301.902
24573.227
24900.193
25364.58
25650.355
25784.773
25872.709
25752.227
25928.742
26081.227
26057.258
26231.709
25892.033
26123.678
26339.291
26435.936
26411.678
26276.42
26550.742
26120.645
26188.064
26584.58
26542.355
26280.871
26408.227
26200.613
26462.709
