29131.516
26885.162
26256.773
26322.807
25539.484
25389
25260.227
25358.58
24996.291
25274.484
24717.227
24854.58
24738.709
24645.871
24303.033
24395.484
23969.098
24087.613
23632.162
23396.355
23224.645
22566.516
22372.807
21900.064
21445.773
20846.871
20105.227
19202.129
18286.871
16782.098
15480.129
13536.226
11737.968
9486.678
7095.742
4936.161
2977.064
1765.129
1544.323
2082.387
3255.806
5055.161
6702.193
8780.549
10403.161
12203.613
13473.387
14874.742
15610.354
16839.613
17716.484
18588.387
19062.936
19660.549
20281.355
20423.129
20945.193
21600.678
21581.871
21662.807
21916.871
22077.064
22108.742
21930.129
22180.58
22136.613
21982.033
22024.902
22364.871
22082.871
21753.193
22078.129
21751.451
21616.709
21635.227
21642.322
21961.322
22379.58
22745.258
22898.033
23266.58
23924.838
23808.58
24211.227
24481.936
24441.355
24518.42
24783.291
24845.516
24613.936
24748.42
25065.678
25125.227
24972.227
25077.613
24817.355
25407.484
25065.291
25173
25282.742
24920.807
25344.645
25031.838
25040.709
24973.516
