26443.387
24074.678
24040.484
24062.451
23381.162
23399.742
23222.807
23020.613
22994.291
22939.549
22861.322
22878.645
22458.902
22769.742
22430.098
22166.709
22176.355
22082.613
21439.902
21384.033
21261.773
20965.838
20637.064
20277.193
19642.742
19073.807
18521.871
17964.162
17011.645
15957.129
14999.581
13643.839
12060
10358.097
8543.807
6709.807
5020.161
3289.161
2307.097
1610.452
1511.935
1780.484
2016.032
2904.355
3873.839
5132.709
6188.258
7496.452
8690.774
9605
10535.517
11444.419
12185.451
13153.774
13838.742
14537.226
15352.064
15750.968
16068.871
16552.58
17133.484
17145.871
17561.322
17525.064
17678.936
17619.902
17532.291
17758.742
17387.645
17475.258
17208.773
17043.227
17329.098
16777.098
16582.322
16156.517
15919.483
15994.871
16732.484
16853.387
17945.807
18979.613
19465.098
20046.064
20188.936
20820.58
21149.773
21606.322
21660.227
22045.42
22068.355
22137.58
22459.807
22157.742
22564.42
22634.227
22503.871
22710.033
22447.258
22644.387
22954.871
22835
22840.033
22648.258
22930.773
