26235.387
24213.58
24006.58
23685.549
23005.838
22883.967
22556.871
22829.871
22687.936
22820.193
22741.516
22666.678
22710.902
22384.742
22390.645
22392.355
22220.064
22071.58
22064.355
21847.613
21864.355
21657.709
20984.064
20970.613
20776.709
20555.387
19854.967
19876.807
19435.064
19021.645
18319.193
17523.451
16525.645
15813.419
14953.71
13717.29
12718.839
11300.419
9691.871
8090.258
6470.129
5042.548
3600.806
2772.903
1822.516
1598.194
1448.516
1716.774
1893.452
2791.581
3321.645
4265.839
4965.323
5716
6638.452
7531.968
8224.387
9202.742
9729.71
10823.517
11524.71
11914.517
12718.354
13313.871
13660.483
14177.032
14569.871
14911.774
15059.29
15025.258
15272.032
15193.774
14903.29
15120
14804.29
14470.517
14432.161
14432.032
14282.451
13999.839
13760.903
13251.517
13203.032
13610.064
14050.646
14854.581
15428.936
16310.258
17260.033
18055.033
18697.227
19619.387
20130.451
20280
20727.064
20863.678
21227.807
21417.613
21685.451
21691.645
21620.678
21621.967
21691.549
21926.549
21864.064
