25493.387
24006.42
23888.451
24019.227
23404.742
23242.613
22985.064
23185.033
23011.291
22603.322
22653.742
22942.871
22655.709
22636.742
22283.58
22269.098
22047.807
22314.291
21885.773
21786
21732.129
21685.838
21362.227
20857.936
20733.484
20350.451
20248.129
19736.162
19464.033
18990.227
18222.773
17653.451
16570.838
15926.968
14971.064
13663.839
12475.517
10949.226
9900.71
8114.581
6750.581
5484.516
4334.291
2968.677
2256.355
1651.387
1482.645
1456.29
1769.194
1916.323
2659.323
3407.677
4069.645
4996.742
5663.129
6291.484
6753.807
7764.387
8558.064
9272.646
9740.936
10506.839
10980.968
11922.129
12455.29
12816.354
13671.613
13930.29
13965.774
13754.903
13905.839
13893.807
13929.774
13820
13794.807
13645.936
13404.354
13305.419
12794.419
12699.646
12631.646
12510.613
12340.193
12380.032
12428.871
13206.774
14014.581
15160.549
16078.29
16903.967
17694.807
18390.807
18871.193
19448.162
19938.227
20461.773
20854.645
20697.936
21289.967
21628.42
21676.742
21645.322
21535.516
21643.484
22088.549
