26422.1621
28325.6211
25682.7168
25566.7285
24157.7285
23720.4102
22668.4336
21964.2109
21145.8613
20483.873
19798.9766
19027.7832
18399.3613
17869.0059
17156.1094
16614.4219
16052.4092
15519.8857
14940.3975
14392.2715
14004.5781
13461.6143
12987.2832
12585.7773
12157.6504
11799.0244
11317.5361
10970.4336
10612.0908
10210.1084
9868.4219
9552.6689
9251.7354
8929.9453
8575.8496
8322.916
8047.4819
7778.4336
7540.0361
7275.2109
7020.8975
6728.9097
6553.9697
6355.6807
6126.3315
5903.6323
5722.3916
5531.4819
5333.8135
5146.0845
