23531.3281
25511.8359
22597
22469.7402
20915.5762
20233.9727
19279.1582
18363.4688
17512.9941
16798.6777
16052
15360.8252
14620.6387
14092.1748
13362.3047
12802.8477
12286.3164
11679.8818
11185.8584
10721.0508
10203.582
9803.8701
9324.9209
8994.9375
8508.8301
8160.3618
7840.7852
7470.0508
7122.9492
6855.1187
6544.2939
6232.373
5958.4917
5742.9941
5471.4292
5203.5029
5035.5479
4786.7061
4566.1865
4351.7739
4177.6045
4009.6553
3801.9773
3688.2937
3474.8362
3320.090324709.25
26353.0703
23942.3086
23487.2441
22200.3848
21646.9941
20440.0195
19765.5059
18912.1211
18278.9805
17494.4805
16769.1992
16122.4355
15526.5703
14880.4678
14303.4551
13704.8906
13204.8594
12669.9043
12172.8721
11699.1924
11218.3906
10824.7305
10351.7949
9970.1924
9614.4102
9168.5381
8843.333
8533
8198.4229
7800.5386
7543.3462
7263.2241
6932.5703
6679.2627
6434.4229
6213.5386
5924.1924
5712.2759
5475
5286.6797
5055.731
4898.25
4695.9487
4454.2563
4321.3335
4160.7627
4003.4487
3874.2371
3719.1282

3210.2034
3051.4971
2942.0112
2818.1638