24159.0391
26874.8301
23685.4473
23455.2148
22101.543
21353.6328
20339.498
19542.8809
18629.2891
17941.4121
17111.0625
16409.3789
15740.7119
15117.7852
14440.2148
13832.5703
13283.249
12726.7002
12209.5195
11680.085
11207.8193
10738.5479
10246.3838
9881.1699
9471.9434
9041.6445
8705.1807
8300.0625
7967.9434
7636.9209
7335.6045
7042.1074
6732.1807
6433.0454
6199.4521
5914.3276
5673.582
5466.0396
5223.3501
5011.356
4815.2939
4609.1807
4419.7852
4220.147
4073.0227
3854.2825
3727.356
3587.1355
3437.5762
3311.4351
