21992.1406
24735.6055
21068.0059
20660.4004
19291.0566
18213.2773
17182.1816
16204.0391
15294.3613
14549.582
13593.1416
12928.5088
12192.6445
11561.249
10902.667
10218.8818
9778.0508
9160.3047
8695.9941
8201.1523
7756.7007
7373.8926
6895.9268
6552.5986
6172.9775
5834.5933
5524.853
5204.6777
4927.9546
4669.2598
4373.8701
4182.7627
3901.8926
3704.0623
3490.1638
3300.531
3164.2937
2976.5593
2806.7007
2656.1243
2475.9773
2387.7063
2240.7683
2160.4463
2012.9209
1883.5028
1804.0565
1686.6384
1625.6328
1515.3955
