26492.8555
28012.4785
25773.0898
25565.5352
24363.7188
23838.7461
22632.5762
22281.3633
21274.4648
20719.9238
20031.8223
19296.582
18726.3906
18106.5762
17513.8691
16996.7812
16347.2188
15916.4863
15281.0684
14845.2812
14409.7256
13901.8838
13427.8838
12937.1299
12585.7324
12226.4248
11740.9727
11435.0273
11022.4111
10666.5684
10366.4658
9987
9686.2188
9334.582
9058.3701
8822.1162
8440.6094
8221.2461
7944.3081
7718.5137
7455.0479
7197.4111
7025.2329
6745.5342
6527.7124
6381.1509
6096.9521
5939.2329
5728.6162
5567.9863
