26190.0449
28161.9492
25387.1094
25283.5391
23858.416
23153.8008
22309.5508
21405.7051
20570.1543
19942.4238
19051.8457
18505.1855
17754.6543
17117.416
16481.6738
15915.5068
15334.5127
14730.6152
14217.4873
13756.5957
13102.1797
12693.8652
12276.6543
11849.3271
11330
10941.8018
10618.917
10186.7432
9742.0068
9502.333
9129.6982
8737.4873
8467.167
8132.7563
7871.9424
7526.7886
7298.981
7017.0127
6783.9873
6543.1665
6265.6665
6104.8462
5832.2178
5619.314
5430.5898
5196.9229
5071.1348
4850.9102
4643.1665
4545.6348
