24000.6445
25583.9453
22900.9512
22188.8086
20772.7129
19967.9863
18673.9453
17887.3008
16854.6582
16116.3975
15226.1777
14451.0205
13724.1641
13015.0205
12452.1572
11753.2119
11179.1982
10643.6025
10108.2119
9566.7188
9089.7539
8640.0479
8178.9043
7742.6851
7396.959
7025.4453
6634.2603
6329.2534
6032.1372
5741.3696
5396.2671
5190.8975
4901.3838
4632.2808
4438.6987
4211.6372
4002.4658
3783.4795
3614.8835
3426.2534
3245.1506
3094.4177
2946.2329
2796.863
2591.6165
2531.8767
2393.3767
2296.9863
2172.7397
2064.0754
