22518.791
24504.6406
21064.4902
20449.1406
18814.8281
17683.5684
16575.7344
15559.1611
14535.5049
13654.042
12743.3389
11999.1719
11222.5
10531.9111
9832.7393
9254.5
8682.5986
8163.2759
7650.8179
7161.6353
6729.5312
6313.6978
5909.479
5563.771
5196.021
4858.7085
4591.396
4306.7915
4012.7292
3739.4167
3611.1301
3310.1145
3098.0105
2953.8125
2765.2812
2551.1406
2391.9011
2280.5781
2155.7761
1997.1041
1889.4271
1756.8594
1657.1302
1561.0677
1445.6146
1363.7448
1287.7916
1231.8229
1119.5521
1072.6615
