25877.5391
26906.9609
25190.4609
24429.8203
23465.4609
22805.3008
21568.3594
21443.6914
20108.6289
19754.5059
18921.1289
18273.6465
17713.6465
16839.1543
16526.6992
15826.9043
15184.75
14918.8018
14107.5576
13816.6152
13238.25
12727.8525
12463.2373
11827.3721
11594.3203
11130.3906
10668.8779
10412.0957
9925.6855
9683.4355
9322.9932
8922.2246
8784.6279
8282.3652
8111.564
7812.3525
7488.6348
7371.186
6954.4551
6854.3335
6555.3335
6273.9741
6139.8525
5852.8784
5770.481
5460.1602
5288.6729
5156.0576
4902.564
4799.0703
