22298.1562
23614.6992
21492.084
20292.9824
19228.9336
18396.4707
17023.584
16727.0234
15212.9941
14883.9092
13995.0244
13037.2773
12721.5
11751.1865
11413.0723
10707.6631
10049.7715
9786.8076
9017.2891
8719.6084
8239.9219
7715.0361
7491.3555
6894.2168
6711.4639
6317.2954
5922.1143
5750.729
5265.6265
5166.5723
4835.1987
4550.9038
4402.2773
4085.2471
3949.759
3761.7651
3506.5964
3420.8013
3140.7832
3041.7168
2901.9397
2691.271
2621.2952
2420.3916
2343.2771
2230.012
2065.5422
2017.9277
1854.9698
1813.7771
