22831.1387
24039.2832
21552.4883
20367.3438
19146.4336
18101.3984
16710.3496
16137.8252
14813.0967
14222.4697
13264.873
12527.7949
11862.9883
10989.9395
10527.6328
9824.1504
9245.1084
8813.8438
8188.6265
7787.9761
7307.1987
6869
6530.6567
6069.7168
5814.6143
5409.6265
5099.3433
4846.7954
4517.5
4271.3071
4005.2048
3812.9277
3616.5784
3341.1387
3197.8916
3007.5784
2822.7229
2679.1687
2518.3374
2397.2771
2256.9277
2095.6807
1989.5121
1880.4579
1765.735
1653.6385
1594.4277
1502.3434
1374.235
1346.2229
