24931.8086
27742.9863
24471.4297
24953.2637
23540.0059
22930.2109
22426.834
21316.666
20819.166
20259.1152
19433.1738
18905.9609
18216.9238
17842.8594
17139.1406
16597.1465
16210.6729
15479.4746
15132.2051
14697.1025
14142.3906
13757.2246
13215.1982
12922.3975
12438.3848
12034.0576
11773.7627
11311.2627
10972.1855
10677.5771
10289.6406
10016.7178
9632.1797
9447.6855
9092.2432
8776.2051
8594.1602
8225.4619
8034.5449
7783.5386
7525.5771
7308.186
7037.4487
6910.9741
6610.269
6447.8271
6271.1475
6045.064
5875.686
5670.5127
