23963.9102
26274.6406
23647.7891
23135.3906
21991.2188
21255.834
20188.8008
19677.4238
18531.8398
18072.834
17293.0645
16432.0391
15959.8525
15165.3848
14770.9873
14095.8457
13458.4932
13067.7051
12399.6094
12032.9297
11450.667
11018.0576
10686.0322
10103.2627
9836.2305
9363.8398
9010.1602
8723.2178
8265.5898
8011.5703
7657.7759
7345.6348
7123.2886
6768.1987
6549.8716
6335.8462
5992.1602
5864.769
5526.0703
5338.6284
5105.9038
4922.7373
4781.5771
4513.9937
4387.269
4225.0513
4010.9807
3920.5129
3695.8975
3583.9487
