22952.6328
24548.7051
22417.7715
21500.5293
20516.0781
19656.3125
18562.4219
18040.3672
16913.5605
16468.4277
15555.4639
14950.2412
14308.416
13546.7949
13123.916
12398.8799
11897.0244
11436.1992
10838.5547
10488.1025
9952.6387
9515.0479
9157.5605
8696.1504
8389.4336
7971.4941
7619.6025
7347.458
6966.0361
6683.1987
6379.8374
6140.5601
5866.0601
5557.958
5353.0483
5127.7651
4905.958
4763.3496
4489.1143
4308.6084
4121.4219
3927.9819
3788.5842
3561.5361
3469.0542
3276.8613
3171.5181
3022.0542
2874.9758
2789.3433
