22124.0625
23745.2676
21608.123
21730.8359
20637.7676
20224.5
19532.0137
18969.6641
18368.4043
17843.4238
17376.6719
16784.4316
16353.4111
15887.041
15361.8291
14970.6914
14437.582
14131.3086
13639.2051
13223.9658
12925.9521
12515.7324
12106.3018
11835.6777
11447.7539
11132.418
10780.7812
10526.1504
10188.8701
9925.5137
9648.6162
9329.3496
9107.1572
8820.1709
8608.1572
8321.9453
8079.5752
7867.144
7629.623
7421.8218
7220.2261
7018.3354
6829.5
6611.1782
6473.0137
6230.1646
6100.0615
5918.3975
5718.2603
5599.7876
