22795.0391
23859.3652
22116.7305
21837.9238
20852.9414
20435.3457
19566.9688
19124.1797
18447.7051
17915.3711
17289.0195
16902.166
16214.4424
15792.4932
15329.3457
14821.5449
14381.3525
13889.9355
13536.4873
13121.0771
12641.1348
12329.5518
11960.5898
11531.8779
11200.0127
10890.417
10539.0254
10177.7432
9903.8848
9597.8594
9287.7949
9031.2568
8733.0957
8499.6475
8182.314
8042.5835
7725.8076
7486.8652
7323.814
7055.9102
6875.436
6662.0322
6432.8848
6293.9551
6032.4038
5911.7114
5713.686
5509.2627
5393.5386
5160.9038
