21264.1348
22997.7891
20787.2695
20624.0508
19574.8145
19032.3965
18268.3594
17704.9297
17018.4238
16444.0898
15920.8721
15226.6348
14796.1982
14327.7695
13748.2822
13335.6279
12811.8779
12483.4551
11928.9746
11536.0771
11211.3018
10749.7246
10417.9551
10106.5381
9716.4229
9401.9355
9034.6855
8850.5381
8441.9746
8129.3652
7897.7627
7601.0386
7392.8848
7113.3848
6916.0962
6640.019
6381.5703
6256.3911
5947.8848
5780.4229
5599.4038
5365.1025
5239
5037.0513
4890.686
4718.3076
4550.2822
4440.4614
4244.5322
4129.8848
