21454.6914
23542.4414
21054.9492
20860.75
19899.5957
19243.0391
18466.6543
17830.1992
17120.4043
16552.4551
15883.083
15389.9043
14804.2178
14228.2432
13769.6797
13273.167
12714.2949
12281.7695
11829.5645
11410.7568
11006.8457
10608.75
10198.5381
9836.4043
9537.8848
9157.3145
8839.0254
8502.4229
8180.7627
7904.5449
7600.8203
7355.4038
7075.436
6851.1987
6579.3911
6359.6216
6100.019
5898.9102
5685.5771
5507.5127
5292.1411
5093.7759
4922.7563
4734.8848
4600.4102
4413.3462
4237.814
4123.3525
3982.8782
3802.8462
