21407.2871
22873.123
20582.8008
19985.1172
18966.8496
18188.1719
17311.0488
16633.459
15854.918
15226.1504
14559.5479
13848.2881
13303.5137
12807.6162
12091.1777
11679.5684
11118.0205
10726.8496
10181.2051
9715.5752
9397.5273
8905.8838
8531.6777
8240.2812
7843.8838
7519.3149
7161.9658
6913.8218
6585.9385
6263.6162
6047.3423
5730.4385
5513.7876
5281.0137
5067.8975
4875.7534
4621.8628
4472.2397
4240.123
4101.1919
3909.0273
3709.0205
3580.8013
3405.9795
3290.4932
3163.2944
2969.6643
2892.0959
2729.6987
2636.6711
