21379.2129
23196.0762
20503.3828
20000.7676
18897.7734
18142.0078
17072.3828
16453.5898
15519.4111
14896.5342
14102.0273
13475.5137
12838.6025
12168.0342
11594.459
11095.5
10498.5752
10044.8975
9537.8223
9157.041
8681.1777
8248.4932
7906.144
7461.8286
7142.9385
6791.5342
6455.541
6149.7671
5872.0752
5604.7261
5313.6646
5095.2603
4823.3906
4612.7876
4361.5273
4166.4043
3975.1506
3800.4041
3602.6848
3450.5686
3278.041
3120.5823
2983.9109
2788.7056
2716.0547
2577.6506
2443.6301
2304.7329
2222.8425
2114.5686
