20580.2598
21996.3691
19310.0684
18744.3691
17397.3691
16749.5684
15480.4385
14942.1914
13916.6436
13383.5957
12461.8428
11927.9521
11253.8018
10553.1846
10108.6436
9451.2812
9045.5684
8513.7119
8038.6509
7661.4863
7164.3081
6859.6646
6450.7329
6073.7329
5810.1919
5458.2534
5225.1025
4876.6646
4595.0615
4419.8354
4110.5547
3964.637
3720.6919
3519.3835
3345.0068
3144.6233
2991.8699
2821.6848
2717.8289
2508.8081
2369.637
2291.4658
2117.8972
2041.6986
1934.8699
1863.5343
1736.4315
1610.5273
1566.5137
1460.6576
