26567.9434
28183.0781
24739.9766
23932.8984
22106.8691
21051.4512
19518.418
18575.1309
17268.2773
16468.3496
15337.5703
14479.6162
13632.9941
12796.7568
12030.2256
11366.9326
10608.2256
10014.7744
9393.751
8896.751
8336.1582
7829.1299
7421.627
6899.2036
6526.8022
6133.2939
5823.147
5494.0791
5095.8477
4855.2881
4499.3052
4252.5933
4065.4575
3779.1978
3572.0564
3367.9548
3171.1865
2972.2993
2809.8191
2680.3333
2509.2485
2351.3784
2264.0564
2069.2317
1948.7401
1872.2485
1744.0677
1674.983
1547.2373
1411.3898