27968.6953
29239.8984
25290.7461
24590.9219
22277.5488
21078.6152
19477.502
18252.0273
16915.5703
15840.0566
14725.7402
13778.458
12798.0508
11979.2881
11102.418
10395.3789
9614.1582
9030.9609
8399.7178
7809.4351
7315.915
6753.2769
6276.3784
5895.8306
5537.3955
5108.5083
4778.8755
4444.6328
4155.6553
3879.9041
3638.356
3349.2373
3177.1865
2965.7458
2759.0959
2600.853
2407.2317
2227.6497
2061.113
1908.5142
1844.4237
1697.6215
1584.3051
1522.661
1399.1356
1305.0905
1231.5254
1176.3334
1090.7853
1009.7684