26336.0625
27457.498
23193.791
22669.4355
20136.7227
18948.5879
17270.6055
16016.6445
14826.0732
13584.249
12621.7236
11621.8076
10697.6328
9979.2881
9172.1582
8473.2432
7834.9717
7199.4521
6740.2432
6186.3389
5722.5986
5339.4014
4814.4858
4554.0283
4170.3447
3837.3164
3593.5706
3281.0396
3057.9773
2841.8022
2686.322
2430.2598
2257.5425
2076.3899
1952.6102
1847.5933
1673.661
1537.1017
1454.3898
1318.3108
1229.5311
1172.7627
1088.3446
1026.8588
921.5649
911.0226
856.7684
768.8926
726.5536
704.983