26562.2715
25663.2441
25405.9863
25354.4043
25374.1797
25488.1055
25353.2578
25143.5156
25231.0391
25116.1191
25280.6152
25310.9004
25323.125
24968.7148
25211.8008
25152.3379
25108.2852
24813.5566
24829.4434
24946.7227
24965.0332
24765.2441
24664.7754
24638.0664
24653.0137
24176.6621
24236.3711
23913
23843.7285
23714.5234
23162.9473
22691.6562
22039.834
21204.6562
20094.5566
18583.4297
16552.7227
14167.4766
11216.709
7915.8145
4860.6821
2622.6489
1773.6093
2458.6555
3987.8674
6269.6226
8623.2051
11236.3643
13514.1455
15691.1064
17329.3242
18486.7422
19527.4512
20349.7422
20653.7754
21053.6895
21134.291
20912.6289
20164.9395
19040.1855
17958.8945
17637.2324
19098.4102
21147.4102
22458.7871
23171.7422
23685.2324
24196.6816
24312.0918
24718.4434
24467.7422
24669.8672
24901.7676
24853.125
24651.1055
24871.6035
24665.1523
24995.332
25227.4707
24969.6484
24690.2988
24868.9336
24851.7617
25026.4043
24912.5898
24971.6758
24860.0723
25155.0527
25066.7422
25245.6895
24996.7012
25013.1133
25079.8945
24956.1914
24931.5371
25174.875
25228.3438
24959.0273
25219.748
25234.332
25141.7422
25194.2383
25233.6621
24927.291
25271.7422
