24082.7676
23289.8809
23520.2656
23571.3438
23237.8672
23255.1855
23371.3848
23293
23265.1797
23393.4043
23327.9199
23040.4766
23285.1797
23413.1914
23238.7676
23247.4102
23239.0137
23261.5293
23294.8145
23252.668
22974.291
22813.1797
23017.7617
23006.9805
22909.5625
22732.4844
22706.5898
22545.5156
22512.8008
21981.1133
21746.2656
21462.4102
21136.5703
20617.7676
19679.8477
18561.1133
17139.4043
15665.6885
13446.457
10853.7148
7862.5366
4798.126
2848.4041
1681.5497
1662.7417
2754.616
4403.6357
6137.9204
8422.7148
10720.3447
12830.7549
14520.6621
15819.1328
16843.252
17880.7676
18354.0332
18661.5898
18589.5098
18650.2441
18024.4375
16959.8672
15363.417
14583.8545
15265.9141
17500.4238
19511.7012
20705.3379
21361.9805
21668.0664
21866.4297
22280.0996
22528.125
22510.252
22489.0469
22285.0527
22671.1719
22894.2188
22582.7559
22656.1055
22767.3516
22847.5566
22758.748
22752.9668
22707.5625
22548.8535
22729.8086
23024.0195
22465.1582
22688.582
22972.5703
23056.3242
22658.3711
22918.8281
23054.5566
23081.2773
22538.2773
23057.9727
23097.7871
23180.9941
22979.0996
22830.582
22898.0527
23244.4434
23174.8008
23154.3242
