23416.0312
22170.3262
22178.0312
21957.4609
22095.4238
21955.6348
21919.7695
22057.3789
22043.4297
21954.8203
22055.1406
22072.4043
22031.4609
21953.4414
21963.1035
22128.8535
22020.1797
21864.4414
21870.0312
21823.084
21901.7305
21802.7051
21723.0137
21609.5703
21841
21847.1094
21601.8652
21585.9609
21608.7305
21760.2441
21496.3145
21540.7754
21296.7246
21436.0195
21533.8008
21292.3652
21206.9551
21203.3262
21076.2812
21272.1211
20996.1094
20897.7363
20727
20634.9492
20448.8262
19987.9102
19653.7246
19311.6211
18515.9102
17584.2109
16234.1729
14094.7881
11593.8721
8573.4873
5620.8525
3898.8845
3884.3718
5304.4678
7599.6216
10135.2305
12595.8594
14420.6797
15885.4746
17048.1992
17868.4043
18227.7051
18781.1602
19075.1348
19142.5391
19214.6992
19104.084
18711.4551
18194.4805
17928.7754
17748.166
17982.9297
18697.7754
19353.2246
19909.4355
20100.5957
20396.9746
20606.1797
20769.2246
20991.4492
21042.6855
20846.6914
21135.584
21256.2363
21188.6914
21317.584
21361.1543
21355.8789
21308.0059
21334.5508
21500.1602
21417
21358.416
21392.4551
21531.1211
21432
21465.2363
21420.5137
21375.9688
21335.2949
21627.084
