24767.4238
23630.1094
23483.7363
23684.8965
23436
23515.3457
23532.5703
23710.2363
23742.1797
23615.4414
23579.3262
23694.4746
23704.334
23707.7949
23530.7305
23697.5898
23731.0957
23876.8848
23646.6797
23683.2754
23671.2695
23729.2754
23579.916
23607.0391
23629.0645
23623.3145
23557.4043
23403.4805
23305.416
23347.9551
23248.2305
23225.916
23048.7051
22935.4941
22836.6094
22718.0137
22480.0508
22044.9355
21599.9238
21021.7109
20301.3594
19076.1035
17735.5449
15658.8779
13128.4619
9730.3525
6111.0322
3470.5513
2226.8589
3128.0513
5434.1348
8429.1543
11307.1221
13727.2246
15749.6025
17290.0059
18372.7051
19215.666
19891.5
20137.0059
20458.8203
20658.1465
20552.1465
20120.9805
19635.4805
18842.9609
18097.6797
17975.4102
19062.1855
19996.8535
21146.4297
21545.3652
22061.3535
22317.3652
22494.2246
22642.8203
22836.2637
22753.1992
22843.1211
22677.3008
22850.3262
22704.5762
22953.5898
22951.3965
23037.3008
22921.0762
22941.1152
22718.3906
22996.416
22907.7246
22820.416
23160.6992
23154.9102
22980.4414
23203.1465
22898.9297
22966.8594
23026.2812
23016.334
22986.6914
23330.9941
23223.0449
23135.9414
23234.5645
23128.4863
