23663.5762
22303.7246
22242.8848
22015.5059
22021.1797
22000.3594
22050.6738
21832.7051
21962.7188
22091.9863
21977.2305
21961.0508
22140.5
22058.2188
22062.2188
21868.8906
21983.7637
21974.8262
22032.4609
21801.8789
21787.0254
21795.1465
21768.834
21627.0508
21614.7891
21544.7891
21506.9492
21561.0312
21333.4863
21278.75
21235.1348
21145.7891
20898.3457
20583.5254
20420.1152
20231.1992
19788.8848
19379.2363
18711.7695
17884.8008
16878.4414
15212.6543
13126.2568
10648.833
7509.8398
4383.8335
2127.9294
1651.6025
2791.6794
5010.4038
7490.9937
9904.5195
12173.2627
13910.4619
15348.0518
16387.5645
17349.4238
17914.0254
18291.4688
18526.4805
18525.3262
18569.6738
18095.4688
17425.4551
16526.8965
15845.6475
15936.2178
16991.5254
18345.4414
19419.5
20140.3145
20472.5957
20613.9297
20815.0254
20909.7441
21050.4863
21104.1855
21181.6543
21326.2812
21274.9492
21215.7188
21277.2891
21179.5391
21252.4492
21316.8203
21332.9043
21273.1465
21389.6406
21512.3398
21563.75
21396.3398
21366.3145
21451.6211
21494.9238
21374.4102
21427.3965
21621.9102
21415.6797
21597.6855
21546.4492
21446.2109
21718.5508
21497.9863
21588.6738
21614.3711
