22771.3359
20715.5898
20634.6914
20800.9375
20591.7812
20791.3906
20703.918
20733.9453
20721.7676
20720.3223
20450.0078
20620.5137
20645.7734
20651.9453
20529.2188
20602.623
20722.1035
20614.6719
20587.7871
20641.8359
20575.2188
20466.5
20371.9102
20377.8359
20456.6914
20201.418
20172.3691
20121.5
20143.4102
20124.2051
19932.123
19701.8691
19367.0137
18965.3906
18583.7461
17737.6992
16767.4043
15421.1777
13530.1777
11253.7188
8213.7539
5002.877
2624.863
1598.9041
2265.1711
4035.137
6137.0342
8597.3838
10946.877
12794.0684
14338.1914
15576.1982
16523.6035
17222.6504
17643.0684
17776.0547
17848.7266
17802.9785
17231.8223
16470.0488
14998.1709
13601.5684
13034.9932
14528.1641
16945.0547
18778.5684
19914.8691
20676.877
20881.3281
21347.1641
21416.3086
21783.9922
21862.5957
22137.3496
22155.9785
22301.8906
22404.5273
22329
22319.1367
22532.2734
22512.1094
22522.3008
22783.0273
22718.2129
22655.0273
22986.1719
22924.3555
22941.9785
23175.3359
22866.7539
22898.3906
22716.1094
22990.6172
22854.8359
22939.918
23048.9727
23139.5352
22867.1504
22903.6777
23207.8086
22954.0273
23149.0273
23124.7676
23211.0215
23068.459
