21098.6602
19515.5703
19522.334
19347.5195
19306.2754
19028.2891
19128.9043
19147.8262
19366.6152
19359.7441
19146.6406
19079.2695
18950.166
18890.1738
18886.7109
19055.6094
18878.8652
18972.9746
19006.8906
19096.5254
19134.0586
19333.6992
19266.7441
19175.9297
19275.1602
19261.3086
19162.3906
19223.416
19086.4414
19051.9297
19151
18926.9102
18887.6914
18994.2891
18929.1465
18909.75
19194.2754
19059.1152
18994.6348
19024.3965
18961.2305
18822.6602
18778.9238
18821.2695
18629.0703
18461.6602
18412.6992
18104.1465
17669.4238
17187.1602
16667.6797
15728.1543
14278.3594
12336.6279
9593.3594
6581.9038
4188.6602
3605.9038
4785.9487
6897.9741
9100.4805
11397.8145
13099
14551.3271
15647.0254
16178.1924
16923.8145
17237.7188
17540.7246
17576.7695
17696.084
17309.0059
17046.3203
16495.1738
15753.0195
15368.1855
15604.7754
16177.9619
16809.6211
17551.2559
18203.5137
18636.6914
19205.7695
19430.8594
19480.4414
19538.6797
19673.7812
19772.4609
19620.9297
19927.4941
20153.3145
20134.5391
20088.0312
20038.4355
19986.1152
19956.6914
20016.3789
20169.3711
20294.5391
20147.4805
20013.4609
20035.5449
19853.3203
19918.3398
19856.0137
