24544.9102
21997.916
21695.3652
21799.4492
21727.1289
21603.3965
21545.1406
21705.0508
21801.3457
21880.166
21765.4492
21676.3848
21580.4238
21649.5762
21749.5391
21595.1348
21773.3965
21700.3203
21708.1543
21667.3906
21870.1348
21872.4414
21824.5254
21867.9746
21997.6855
21914.4492
21804.4551
21913.0195
22032.5586
21970.3535
21836.9492
21734.9805
21668.9102
21633.1543
21776.4609
21528.0137
21447.6992
21226.4043
21088.9688
20821.8652
20324.1855
19651.3398
19121.0312
18114.3906
16449.3906
14489.9805
11602.5068
8429.75
5121.731
3028.5
2715.8589
4118.3398
6646.4873
9432.3906
12243.6152
14218.6924
15764.2568
17103.9102
18155.9414
18745.8086
19153.6211
19722.0391
19608.1602
19613.8145
19169.3711
18437.6465
17315.8711
16220.8457
15214.1406
16077.9619
17510.1465
19130.0762
20879.3145
21795.1914
22458.4297
23003.6035
23426.25
23322.0195
23444.3965
23584.7812
23826.1914
23620.9863
23852.0703
23756.8008
23828.6855
23916.6348
24069.0703
23905.1094
24189.9043
24244.0762
24378.9609
24406.1289
24625.2305
24338.2051
24151.834
24342.7559
24523.834
24513.9238
24702.4414
24889.4492
24734.2109
24599.6289
24494.8965
24432.5137
24582.3145
