25833.2363
24523.8848
24667.5898
24771.584
24532.9551
24501.7637
24388.334
24538.4551
24540.5137
24690.1152
24646.5254
24614.6797
24491.6289
24435.916
24617.9805
24624.3965
24484.0898
24384.7949
24295.8145
24397.5508
24436.0645
24718.7246
24809.8145
24582.7754
24590.4609
24398.5391
24377.6992
24563.0645
24630.2363
24631.3848
24355.9941
24302.5391
24216.2051
24358.9355
24257.0137
23938.6855
23914.3535
23921.9805
23477.7754
23109.3711
22700.2949
21924.9297
20882.2637
18982.5586
15408.167
10266.0703
6064.6665
5693.8076
8308.0381
12514.1406
16334.2246
19026.2559
20697.5449
21833.6406
22693.7109
22930.3398
22988.4238
23481.5059
23753.8711
23988.8262
23680.0703
23965.6543
24280.4238
24226.7754
24091.2949
24200.5898
24354.2695
24448.7246
24297.7891
24450.0312
24604.4551
24537.3965
24271.3008
24437.834
24512.2188
24503.1738
24413.3457
24214.3789
24367.4297
24775.0508
24763.8262
24504.9609
24266.7812
24402.5957
24701.9355
24599.6406
24518.6035
24260.7754
24515.2637
24621.6465
24813.5645
24771.2754
24760.8457
24657.666
24661.3652
24826.7109
24771.8145
25045.9805
25012.7754
25123.8652
24874.6035
24937.9863
24688.7109
24750.6152
24826.6035
