24617.7754
23250.9746
23223.5898
23164.1855
23155.8262
23202.9414
23155.7949
22854.9043
22960.6152
22902.6738
23030.5195
22983.084
23129.5391
23027.8965
22875.1738
23120.6211
23153
23302.9863
23287.9805
23047.9355
23145.7305
23014.7949
23050.2441
23159.7754
23394.1914
23180.9941
23180.2305
23114.0059
23054.2891
23173.3262
23356.0586
23087.25
22969.2812
23028.6348
22943.0586
22757.1289
22747.3145
22518.9688
22475.6406
21980.4941
21763.8594
21073.1094
20092.5898
18496.2246
15556.4102
11264.8145
6503.769
4820.9102
6664.981
10622.7373
14609.1602
17245.1992
19223.9297
20244.9863
20857.5645
21509.7305
21848.6797
22093.1914
22213.7051
22257.4863
22260.4492
22607.1035
22429
22512.9863
22774.1035
22591.2188
22507.8457
22624.6543
22815.3906
22556.3965
22548.9863
22654.3008
22895.4492
22609.4688
22890.3848
22824.1152
23033.7695
22945.8711
23110.7188
22695.4297
22783.5391
22999.1738
23021.7363
23088.3652
22958.7637
22803.1348
22971.8262
23254.1406
23031.5449
22917.2109
22943.2891
23057.25
23156.666
23315.8086
23222.2246
23153.8203
23035.084
23102.8203
23258.1914
23201.5586
23381.5449
23363.4941
23278
23394.5586
23411.0254
