27100.9883
24754.9277
24695.0059
24685.5781
24494.6328
24326.0664
24381.043
24424.2715
24324.7949
24358.2461
24205.1621
24218.4766
24264.5176
24260.127
24343.3379
24495.0898
24174.3008
24186.2344
24255.8789
24311.8789
24347.9219
24267.9766
24263.4043
24244.8379
24189.3008
24188.6934
24236.1992
24183.8672
24275.5293
24081.543
23976.416
23911.4941
23765.2715
23606.6094
23176.7051
22549.2656
21892.9395
20641.0898
18220.9102
14193.9941
8838.3193
5238.9219
5925.0181
9885.0303
14382.1084
18025.1211
20148.1152
21598.2402
22492.5723
23026.9336
23452.627
23630.6816
23903.1211
24123.584
24165.6152
24249.2598
24450.168
24473.3906
24584.8438
24390.2773
24353.2949
24591.7891
24550.9336
24538.4453
24520.4707
24554.8066
24565.8906
24410.5293
24622.5957
24496.8379
24460.6016
24470.543
24508.7891
24488.1328
24458.1621
24397.5605
24397.832
24389.6016
24430.9453
24295.3984
24526.3672
24253.1562
24317.9512
24231.9395
24268.584
24162.3555
24327.3438
24290.6387
24358.3906
24387.8672
24374.2285
24130.3555
24309.5
24213.0781
24344.3008
24495.1875
24468.9629
24551.7715
24550.373
24645.5898
24372.4453
24612.8984
24679.4219
24908.0059
24830.3066
