27332.9043
25463.7949
25341.7051
25544.0195
25560.2246
25460.7109
25531.4043
25273.2441
25264.7109
25259.4492
25444.5762
25287.5645
25172.6797
25109.0957
25226.0391
25221.8848
25316.4746
25117.5586
25212.3008
25169.5508
25088.1855
25213.8965
25289.4297
25227.6855
25254.6348
25295.5645
25290.0586
25270.8262
25116.3203
25267.1094
25075.4043
25050.5508
24735.2188
24628.8711
24475.0898
24252.6602
23586.8457
23021.3965
22000.1348
20006.9805
16576.4805
11513.3203
6342.4741
5223.5703
7911.4424
12174.3721
16641.1289
19718.3203
21554.5449
22712.3086
23592.9609
24045.4492
24224.8535
24473.0508
24745.6797
24862.7305
24945.3848
25032.8789
25030.084
25245.6602
25198.0137
25273.75
25317.6035
25388.3008
25418.8203
25296.3203
25321.25
25433.8262
25351.2441
25366.4102
25237.5508
25486.7441
25452.0059
25272.5957
25319.0957
25377.3594
25266.4355
25288.2559
25189.4609
25272.7109
25357.416
25443.5254
25247.4941
25044.5957
25097.3906
25238.3008
25403.166
25106.3145
25189.3086
25225.9941
25345.6406
25450.1602
25516.4297
25338.9609
25239.5762
25437.8145
25287.4746
25321.5645
25531.3848
25746.7949
25654.4688
25584.834
25555.7051
25689.8398
25517.5254
