26822.8496
25288.5117
24949.4102
24879.5957
24741.0117
24869.7656
24903.6875
24614.5234
24447.2656
24651.8672
24623.5723
24799.7168
24819.4883
24523.6562
24498.3555
24590.1504
24577.8613
24664.4766
24575.3379
24327.8379
24298.543
24237.5059
24405.5293
24254.6445
24417.916
24331.0898
24096
24023.8672
23826.2227
23619.6934
23588.4766
23206.2285
22748.2051
22049.4707
20984.6875
19415.2773
16277.3252
11127.6143
3947.03
1926.4879
7043.9458
13221.4814
17057.2656
19700.3438
21375.4219
22234.1934
22791.1992
23435.127
23711.6016
23661.7539
24027.8066
24436.6562
24448.3613
24282.4043
24346.3906
24638.2773
24741.2168
24801.4883
24546.0547
24597.9629
24931.9883
24912.0488
24582.4707
24851.8496
24963.0059
24952.9629
24721.1328
24841.1328
25055.9707
24852.1152
24626.5781
24977.5957
25068.4883
24832.2773
24724.0898
24855.3613
24881.5547
24935.8262
24708.3555
24587.2051
24690.2168
24816.916
24998.3613
24859.5234
24690.0547
24730.3555
24807.7168
24944.0059
25013.416
24846.416
24687.8008
24683.2598
24861.8496
24857.6562
24903.1875
24763.2109
24785.8008
24693.668
24730.9512
24852.668
24736.2285
24797.6016
25199.1816
25146.5605
25123.5293
