27505.8379
25965.0898
25786.0547
25612.9883
25210.5547
25313.8066
25335.6875
25435.7168
25163.7949
25128.7402
25155.0293
25111.7656
25267.2656
25253.8125
25207.6875
25057.7285
24943.957
24958.5488
25051.6016
25105.9336
25018.5371
24941.2168
24834.8008
24905.3184
24657.3848
24656.3438
24630.6094
24458.1387
24385.916
24072.8789
23668.4629
23369.8438
22923.5547
22178.8789
20795.6328
18503.4941
14572.7471
8528.6924
2179.6023
3742.5481
10099.5781
15504.5244
18779.9766
20864.1621
21982.7402
23046.6738
23585.9824
23872.4336
24361.7461
24299.7715
24606.9219
24727.9512
24840.9883
25007.373
24942.7168
24995.5488
25179.4102
25199.6992
25407.5059
25127.6504
25263.2227
25521.6445
25331.4395
25239.668
25140.4336
25573.4707
25352.2715
25396.373
25371.2656
25559.916
25512.1816
25322.6387
25483.8848
25476.416
25423.1621
25308.8555
25394.2656
25353.3066
25503.1992
25506.7461
25377.3672
25373.0664
25513.3438
25481.2832
25528.5781
25343.584
25319.6621
25486.832
25549.7832
25530.7891
25347.3262
25414.873
25242.2656
25449.2285
25521.3984
25571.543
25614.5898
25756.332
25548.5176
25517.1152
25455.168
25383.2949
25573.543
25623.5371
25695.2402
