26279.7285
24404.5059
24289.7715
24211.2598
24035.2109
23823.3262
23987.7539
23918.3379
23929.6152
23821.0957
23940.7227
23955.4277
23873.373
23880.3066
23802.5293
23752.0547
23682.1504
23796.4336
23861.7773
23924.9512
23884.6816
23783.0176
23689.1445
23686.7949
23738.668
23800.5723
23848.6738
23651.9102
23587.7227
23465.1621
23487.2344
23398.416
23224.2051
22701.2715
22359.4629
21804.4102
20452.1992
18434.8848
15015.7051
9487.7891
4905.7227
4374.4878
8419.2412
13450.1807
17054.7598
19523.0371
20925.5898
21951.6992
22576.7656
22968.8613
23182.1016
23416.3496
23660.7539
23641.8184
23596.168
23700.2402
24035.1992
23934.1211
23896.6504
23987.4941
23998.7715
23993.1445
24144.373
24035.584
24036.8496
24081.416
24098.6875
23988.0723
24078.0293
24080.2832
24041.7285
23865.7168
24012.0605
24056.2832
23923.457
23803.5059
23922.6094
23959.9277
24011.7461
23998.9766
23734.5781
23800.7715
23992.3184
24045.0781
23929.7227
23793.3496
23775.373
23815.2168
23943.7227
24004.957
23721
23861.1094
24015.416
24071.0605
24236.2891
24118.1816
24074.084
24270.9336
24142.3906
24124.1621
24291.2285
24309.2402
24340.4883
24444.7109
24456.8906
