25375.6445
23755.0234
23726.3496
23703.1934
23454.6094
23531.5664
23143.7344
23320.9883
23302.0723
23350.457
23328.373
23239.168
23196.4453
23277.2891
23292.084
23043.7344
23267.8379
23082.7656
23035.2891
22951.3672
22998.7539
23027.4512
22906.084
22900.4941
22824.1016
22857.4707
22751.9824
22647.584
22405.7539
22392.8789
21993.5781
21755.4824
21200.9941
20358.2227
19074.4219
17072.916
13113.6025
7370.1626
2555.6445
4209.9038
9757.7227
14238.7588
17495.6816
19569.3008
20574.4941
21340.6387
21946.9512
22320.2949
22445.9453
22793.3184
22732.0117
22833.0234
22980.457
23195.0371
23179.2285
23244.7539
23311.5176
23360.6152
23363.8496
23278.0664
23444.8125
23323.7461
23515.6387
23427.2656
23473.3066
23467.8848
23446.6738
23469.8848
23476.8125
23609.4453
23630.2168
23436.7227
23400.6094
23480.2285
23334.3262
23404.6875
23294.0957
23499.543
23503.8613
23630.627
23475.8672
23368.3496
23314.0781
23419.916
23481.1152
23482.1211
23451.1328
23360.7344
23432.0293
23540.1992
23462.1328
23448.7285
23481.0117
23521.2598
23358.3008
23475.668
23453.0059
23593.584
23468.6387
23530.627
23500.0371
23555.4824
23551.1016
23568.7598
23548.2402
