24898.8457
23708.6855
23564.4414
23743.6855
23531.6602
23526.2695
23596.4609
23548.6738
23361.5898
23500.5254
23576.2812
23542.8652
23441.2051
23609.8008
23568.6855
23559.3398
23645.9941
23426.9863
23407.4102
23458.8906
23411.3262
23595.8457
23485.5703
23573.6035
23532.9805
23395.8594
23337.2305
23420.9746
23190.8262
23303.9863
23319.8457
23285.2637
23187.2754
23007.6992
22973.1406
23001.7441
22924.3203
22843.1094
22596.834
22470.8008
22148.5898
21951.9688
21514.6406
21284.9492
20494.75
19631.8848
18521.4492
16745.8262
14272.5703
11040.8975
7378.3398
4071.1858
2570.0769
3542.7886
6113.0835
9091.0957
11792.5
13916.8076
15585.6729
16747.5391
17346.7109
18095.1992
18387.4297
18400.0703
18512.8652
18406.5137
17849.4297
17423.5898
16650.9863
15872.0645
15343.0771
15406.7051
16227.4482
17659.8594
18961.3789
20144.166
20931.084
21658.9688
22078.7109
22266.8789
22444.5508
22662.5195
22810.334
22738.3086
23015.0137
23074.5703
23047.7441
23275.3906
23325.4355
23306.5
23421.0254
23314.3848
23379.2305
23435.334
23484.6211
23367.0762
23552.3457
23609.8711
23479.0898
23505.2305
23486.3906
23349.8203
23386.3848
23394.2754
23348.1738
