24563.1855
23392.6094
23062.5508
23105.7305
23052.7812
23128
22925.666
22922.5762
22851.9238
23029.9297
23250.6035
22922.9355
23090.1738
23191.4863
22948.1289
22948.1289
22997.4941
22876.166
22903.9746
22847.3848
22842.7305
22729.4238
22608.1543
22446.8203
22497.8711
22345.4941
22008.584
21843.2363
21669.084
21453.1094
21076.0703
20525.166
19754.0586
18832.4805
17755.8789
16270.1797
14277.2949
11844.4746
8980.167
6055.0898
3533.5193
1865.7628
1722.3718
2377.1924
4116.3203
6053.564
8020.7178
9895.5518
11389.2568
12574.7305
13589.2568
13924.8906
14513.6221
14504.7373
14549.5254
13911.8975
13063.167
11997.0645
10603.6348
9227.0703
8417.7568
8701.4355
10389.6406
13128.5195
15602.6025
17596.8652
19005.5898
19973.3086
20774.6211
21306.1602
21691.1738
21974.7812
22108.6543
22345.6914
22426.9609
22637.7246
22751.6406
22924.2363
22902.2559
23011.6348
22941.7891
22864.6152
22824.25
22673.0059
22985.3262
22914.8086
22973.0059
23038.5059
22959.1992
23061.8906
23044.7109
23166.4863
22980.4863
23000.084
23250.5312
23141.6035
23286.4102
23346.1035
23163.0312
23290.2637
23413.0762
23461.2812
23434.8086
23187.4688
23052.9805