24763.7559
23642.6094
23427.6855
23810.1035
23379.0137
23338.6465
23376.1914
23499.1289
23630.2949
23488.0137
23432.8906
23432.9492
23525.75
23329.3848
23408.6211
23571.3711
23549.0195
23313.8457
23292.8711
23350.6348
23169.0312
23154.8457
23101.4492
22946.0137
22341.25
22376.3594
22400.4297
22176.7188
21889.75
21279.6152
20856.3535
20226.5312
19495.4238
18564.6797
17278.0586
15328.7627
13301.2881
10584.3076
7793.1089
5037.6089
2750.7307
1759.1923
1797.5385
2599.2244
4021.4614
5966.2822
7688.9229
9566.1094
10875.5576
12063.6602
12937.1982
13558.0645
13874.6475
13868.4932
13541.8594
13014.9355
12249.9102
11065.5518
9584.8203
8388.1982
7547.3911
8186.0576
10273.7881
13168.8398
15584.1543
17502.5957
19080.8535
20171.4297
21126.9238
21385.1855
21873.3789
22148.0312
22373.1094
22647.416
22669.7441
22678.8594
22912.6992
22869.4805
23009.7949
23054.3848
23170.166
23199.584
23352.8789
23209.1035
23295.5195
23431.5586
23367.5449
23138.7637
23427.9238
23567.7363
23609.1992
23491.7109
23658.7949
23614.8789
23585.1289
23646.9688
23470.1992
23613.3457
23526.7891
23386.834
23700.8906
23526.75
23470.0449
23692.2695
23469.8535