24028.8398
22852.8223
23105.1152
22827.9277
22633.0977
22898.5898
22964.5098
22814.0176
22841.9902
22680.8027
22712.4277
22704.0449
22959.2676
22867.4277
22878.5898
22611.3223
22651.4648
22680.6699
22773.0625
22605.8652
22435.2227
22720.2402
22740.1523
22611.9473
22520.4824
22388.1348
22531.4824
22533.3477
22372.0898
22190.4824
22404.7227
22370.9102
22455.9902
22257.9102
22254.9277
22134.6973
22138.7051
21977.125
21903.0352
22097.1426
21936.7949
21774.3027
21485.6602
21530.625
21344.8223
20937.1426
20594.1602
20333.3574
19844.7402
19033.4473
17889
15811.5986
13100.2588
9527.2236
5953.2944
3898.2678
3848.134
6039.5356
9234.7324
12328.4375
14580.5713
16451.25
17819.7324
18529.7227
19286.7051
19790.3574
20128.4902
20274.9102
20322.8301
20524.4375
20510.1348
20439.3027
19822.625
19205.5723
19023.3027
19260.6973
19611.8223
20273.9727
20851.875
21316.9023
21343.5625
21482.9199
21458.0176
21644.7148
21655.1875
21846.875
21652.5527
21859.9102
21954.2676
22153.1074
21971.0176
21840.7949
22167.4102
22070.7051
21856.0098
22164.8301
22245.8027
22113.3926
22070.5625
22291.4648
22212.9902
22296.1348
22404.6523
22284.8652
22333.3926
