22564.8086
21465.2891
21638.5703
21455.084
21322.4355
21438.666
21391.4355
21440.8535
21434.0254
21307.2305
21374.5
21390.4043
21624.4355
21523.1289
21478.9355
21508.0312
21431.5586
21434.5137
21458.2812
21313.4238
21325.0312
21311.4043
21436.0508
21362.8594
21324.7188
21294.4746
21217.5898
21257.5137
21044.1465
20987.2363
21126.5762
21176.0703
21106.7051
21044.2188
20957.5391
20950.7363
20931.834
20907.2188
20831.8262
20792.4102
20530.1152
20710.7363
20592.8906
20440.7695
20445.5137
20115.5195
19842.6348
19490.6992
18991.2754
18278.4238
17631.9863
16266.3721
14240.7305
11485.6025
7886.6729
4790.3271
3096.3975
3719.3398
5847.064
8810.8018
11685.6855
13713.9229
15494.3457
16471.3711
17488.1602
18056.9941
18682.3086
18872.9609
18876.3457
18908.5586
19056.9941
18962.9414
18451.7305
17894
17444.0254
17530.4297
18034.2109
18326.7441
18962.6211
19410.0137
19947.3652
19855.2891
20164.8848
20051.2188
20427.2637
20159.2441
20454.3262
20164.7812
20463.8086
20500.9863
20418.2812
20530.3965
20751.1543
20707.5898
20756.0312
20513.8965
20719.8262
20816.9238
20675.3789
20774.0312
20884.5
20937.084
20945.4297
20914.9805
20751.084
