23087.5
21810.4238
21810.2305
21857.2695
21679.5312
21670.4492
21875.6797
21621.6211
21655.7246
21951.0254
21961.9863
21572.4863
21881.9551
21937.2051
21927.75
21642.8906
21755.7188
21794.916
21869.1348
21757.3848
21710.75
21611.2891
21739.9609
21685.2246
21730.6211
21531.916
21615.75
21557.9941
21389.6211
21374.5137
21419.3906
21250.584
21268.6602
21101.2363
20901.8652
20700.9414
20526.0762
20245.7812
19727.25
19098.1406
18415.0957
17380.8262
15867.7627
13681.8594
10708.8398
6761.0259
3275.0706
1506.5065
2416.2051
4930.9165
8082.6665
10789.2178
13085.2695
14869.4932
16173.3457
17384.9863
17878.9609
18578.0195
18984.6465
19344.2246
19261.4863
19303.5
19183.2051
18753.3145
18234.0391
17326.4551
16823.5586
17239.2051
18486.1035
19585.5586
20117.9688
20411.3906
20693.8789
20821.5059
20949.4043
21083.7305
20948.1094
20766.5195
21059.7363
21072.1348
20981.2949
21112.75
20973.6094
20956.4297
21074.6348
21252.8008
21000.8203
20926.3711
21025.9863
21202.3652
21036.4551
21035.9238
21126.8203
21201.25
21025.6348
21130.7246
21319.7812
21236.3848
21267.1406
21326.6465
21194.5137
21278.3262
21433.2051
21365.6738
21184.5508
