22540.0957
21806.7754
21913
22018.0449
21597
21696.9355
21845.0586
21672.3086
21831.7812
21985.5957
21762.7559
21370.0645
21804.7109
21979.7305
21784.1348
21738.6465
21665.3848
21708.1738
21729.584
21704.3848
21646.6406
21432.9609
21638.6543
21445.7559
21483.0703
21282.5449
21176.4102
21151.4355
20996.7637
20750
20594.584
20280.2812
20012.5898
19625.5137
18984.4238
17792.8711
16765.5195
15066.3652
12695.6797
9944.1543
6490.814
3595.25
1711.0577
1734.3782
2817.6602
4935.3398
7378.1602
9631.3975
11988.25
13715.5127
15285.2627
16560.2754
17317.4492
18006.6406
18493.3145
18757.8789
18792.6543
18721.3965
18481.6914
17777.5254
16783.9355
15772.1279
16086.1279
17340.2559
18631.5508
19909.1914
20478.3203
20777.7109
20810.9297
20867.2363
21242.9238
21247.5508
21200.0449
21298.8008
21240.3965
21393.9688
21598.6348
21202.1992
21229.4492
21402.6738
21511.084
21340.9805
21190.4102
21256.5762
21172.7188
21340.5762
21456.7754
21081.9609
21109.3965
21450.1035
21311.9551
21151.4238
21426.5645
21505.9492
21448.1797
21245.6738
21331.4102
21320.25
21488.584
21347.0898
21234.3789
21338.0254
21493.25
21615.9863
21392.6797
