26550.4629
28145.8496
26027.957
25980.5488
24445.2773
24309.7402
23226.4512
22732.168
21928.4277
21323.4219
20807.0371
19954.9395
19461.0547
19025.0117
18217.1445
17887.1387
17178.0547
16835.3555
16262
15801.3369
15360.0605
14871.6562
14394.3857
14109.8193
13562.8916
13350.9092
12795.2529
12475.5303
12096.9814
11775.7832
11467.1807
11024.8672
10827.9521
10461.1748
10111.2832
9902.4883
9544.084
9334.4883
9038.3135
8761.9219
8517.9219
8212.4395
8062.6323
7843.8315
7560.3135
7371.5483
7103.0181
6981.1626
6751.5542
6545.3071
