25813.8125
27913.2461
25247.1875
25167.5
24225.4102
23390.0723
22630.5488
21891.8379
21212.3008
20639.8262
19675.5371
19438.9453
18605.1328
18001.4277
17532.8262
16830.3008
16444.7461
15910.4639
15277.8672
14963.4219
14324.7109
14078.5186
13452.9883
13089.1143
12788.4277
12180.8008
11978.373
11495.0967
11210.5479
10813.1748
10435.1201
10247.6631
9809.7109
9506.6201
9304.9033
8913.0781
8744.3076
8342.6328
8148.0361
7959.9941
7575.9038
7472.7891
7177.6206
6939.0483
6787.771
6497.4399
6364.1626
6091.3794
5927.1685
5806.0122
