25056.4043
27755.0547
24616.6875
24657.2539
23291.5957
22544.8496
21851.1152
20901.7891
20236.043
19525.4941
18735.2656
18132.4707
17384.4707
16906.0781
16213.7646
15592.4521
15113.3555
14525.3369
14010.8076
13612.5059
12950.1924
12646.8496
12075.8438
11751.6562
11286.1992
10868.0967
10526.3799
10115.1504
9786.4277
9436.6807
9033.0479
8781.458
8429.627
8160.4458
7892.5361
7548.6929
7347.1685
7061.7046
6810.1323
6607.9941
6298.0664
6152.4399
5914.8677
5667.4219
5521.2168
5269.8013
5118.2471
4881.6084
4779.3496
4603.3071
