24502.7285
26239.1387
23414.0723
23257.6016
21626.3262
20996.7051
20024.5176
19136.8184
18244.5059
17537.416
16800.9043
15994.6562
15293.627
14757.8193
14039.2412
13439.6445
12881.9395
12333.2051
11781.2168
11288.4395
10773.5186
10315.7471
9888.458
9515.916
9035.6387
8702.1924
8329.7646
7953.9458
7617.8013
7297.8735
6993.9941
6640.2593
6410.0361
6156.8613
5817.8433
5652.0845
5357.7651
5166.9277
4930.9336
4678.4038
4529.6929
4309.5059
4145.1865
3986.241
3769.2349
3664.8977
3486.759
3337.4758
3198.4277
3057.9939
