23030.2715
25948.4004
22183.4531
22167.9121
20711.7656
19543.1406
19008.1973
17778.2598
17006.5781
16322.9531
15316.9375
14888.4531
13889.5781
13408.2812
12793.4795
11989.6719
11636.5938
10949.083
10470.5732
10046.125
9412.7705
9178.7295
8542.6768
8243.1406
7852.021
7390.875
7174.7031
6715.8179
6453.9634
6217.0156
5790.1509
5641.3281
5287.3384
5078.6719
4841.1978
4556.0625
4419.0571
4162.9219
3973.5208
3846.7239
3572.2344
3459.0833
3246.8855
3129.7239
3026.1824
2808.2708
2732.9167
2541.8594
2500.7136
2364.3176
