22539.6797
23877.0449
22204.2559
21832.4551
20995.1992
20518.9355
19667.1855
19364.4609
18513.6289
18105.8789
17630.8457
16873.2441
16588.916
16022.8848
15523.4805
15154.7949
14560.8018
14280.8848
13757.2754
13375.1982
13056.2881
12527.5127
12276.0703
11896.5381
11546.75
11264.5195
10781.3457
10685.2627
10190.6924
9982.0518
9705.2822
9318.4043
9174.3652
8800.5771
8590.3652
8353.6475
8076.7759
7911.9487
7584.936
7425.7178
7256.5703
6960.4229
6845.4741
6584.6284
6428.0259
6256.9678
5991.6987
5932.7822
5704.2949
5545.6797
