22531.0762
24148.4941
22270.5449
21931.7559
21119.1289
20544.9414
19638.9238
19345.5586
18415.0508
18137.6094
17427.6602
16849.6289
16429.7637
15819.0254
15424.7178
14956.6221
14400.9229
14156.2822
13415.3906
13298.1279
12772.9424
12310
12103.2695
11564.4746
11316.8975
10901.0381
10544.7822
10378.333
9907.4678
9683.5703
9382.8525
9038.5449
8914.1855
8477.6348
8363.4619
7999.3716
7770.3525
7619.9102
7285.3975
7183.8716
6875.2759
6704.6987
6558.2886
6274.981
6174.1284
5966.4937
5735.269
5634.1665
5389.814
5299.7114
