22855.8145
24630.3203
22037.8906
22478.8789
21013.8711
20670.5
19969.5137
19123.6348
18810.1992
17967.2637
17401.4688
17088.2754
16222.667
15989.4043
15262.0771
14863.1094
14471.8721
13798.6406
13627.5645
13007.6982
12600.1982
12388.4678
11773.7754
11581.0518
11058.6855
10817.3779
10539.3906
9973.5957
9935.3525
9414.0254
9183.3398
8967.5771
8537.2246
8446.4678
8002.9678
7908.8335
7612.4297
7300.6411
7235.0576
6866.3589
6688.8013
6530.1152
6245.481
6146.4424
5823.8716
5755.6797
5549.7886
5286.3589
5242.981
5029.0386
