21636.4297
24040.9141
21375.2246
21291.9277
20222.4902
19556.5957
18749.9531
18132.3379
17409.1387
16852.7949
16151.6621
15645.3242
14938.9863
14472.4766
13930.0137
13406.3574
12945.834
12440.0928
12013.9141
11559.2314
11135.3311
10727.8408
10349.7949
9958.6953
9593.5762
9268.3711
8906.6221
8588.0791
8331.252
7972.1128
7706.2051
7423.6157
7172.7417
6893.8145
6656.5498
6402.417
6184.1592
5963.7881
5745.8013
5536.8013
5316.8081
5137.7085
4968.6953
4766.0728
4598.2847
4446.7485
4305
4100.0796
3980.4504
3847.6953
