20620.2832
21821.9043
19864.4766
19350.7051
18170.8906
17603.043
16530.8008
15972.7646
15149.6143
14542.2354
13909.8975
13178.5244
12673.1201
12132.4453
11526.8672
11101.1689
10511.9639
10128.3369
9650.6143
9225.8252
8892.0781
8394.0547
8074
7741.7593
7393.2407
7067.5361
6710.7227
6455.229
6154.1323
5850.4336
5680.0181
5384.1265
5155.0122
4917.8794
4716.0239
4517.3193
4265.4038
4149.0239
3926.3433
3730.5481
3627.512
3409.7168
3306.1265
3138.3796
3026.47
2896.1506
2766.9578
2670.3916
2517.9277
2418.8613
