21125.4766
23547.2656
20462.1875
20224.0898
18930.3184
18071.1504
17208.084
16290.9814
15625.1504
14844.416
14030.042
13536.1748
12665.7588
12215.8496
11544.8369
10954.9092
10567.7471
9880.6992
9563.2588
9043.5
8595.9883
8239.6631
7765.0542
7479.4878
7057.6504
6713.0601
6421.4697
6067.3433
5819.4155
5512.1748
5244.5483
5045.4155
4769.6445
4550.1865
4292.4038
4086.2529
3941.8916
3709.8071
3581.5842
3376.0603
3224.9578
3095.5603
2903.2651
2827.1687
2645.241
2525.6748
2438.6265
2271.1567
2203.8613
2060.0662
