26075.9219
27910.4629
25255.9941
25357.9492
23762.8867
23327.582
22505.0957
21604.0176
20925.4688
20143.9766
19602.1582
18914.9727
18134.3223
17746.7168
16950.084
16432.6055
15944.1182
15263.2764
14902.1182
14344.542
13852.0791
13441.4463
12874.5479
12607.7686
12003.1582
11690.249
11361.1973
10888.1748
10614.0625
10223.915
9902.1133
9592.0625
9132.2881
9030.8535
8569.7178
8304.4863
8105.8359
7738.7798
7575.5762
7248.0791
7038.0225
6850.5029
6544.1865
6397.6611
6145.2036
5925.9717
5760.209
5521.3447
5380.9268
5159.1187