26427.4805
27581.0625
25197
24655.248
23477.1641
22684.7578
21375.8926
20845.248
19803.334
19154.1133
18113.2891
17571.0273
16859.8652
16034.1182
15409.3223
14952.0283
14068.7119
13753.9717
13003.209
12511.6104
12022.1748
11507.0342
11176.9375
10540.4971
10201.8584
9825.124
9317
9065.5986
8620.6162
8269.5879
7955.0508
7569.1245
7394.1641
6947.2769
6689.4126
6459.8984
6156.8022
5966.6157
5659.7173
5495.8872
5234.0059
4983.4805
4860.085
4584.5986
4426.0225
4257.3955
4033.4634
3912.5198
3706.3276
3618.0564