23531.3281
25511.8359
22597
22469.7402
20915.5762
20233.9727
19279.1582
18363.4688
17512.9941
16798.6777
16052
15360.8252
14620.6387
14092.1748
13362.3047
12802.8477
12286.3164
11679.8818
11185.8584
10721.0508
10203.582
9803.8701
9324.9209
8994.9375
8508.8301
8160.3618
7840.7852
7470.0508
7122.9492
6855.1187
6544.2939
6232.373
5958.4917
5742.9941
5471.4292
5203.5029
5035.5479
4786.7061
4566.1865
4351.7739
4177.6045
4009.6553
3801.9773
3688.2937
3474.8362
3320.0903
3210.2034
3051.4971
2942.0112
2818.1638